K-ADDITIVITY ANALYSIS SUMMARY FOR pairwise_interaction_power2 (mobius)
============================================================

Dataset: pairwise_interaction_power2
Representation: mobius
Number of attributes: 15
Number of samples: 1000

OPTIMAL K VALUES:
- Best k for accuracy: 8 (accuracy: 0.5433)
- Best k for noise robustness: 9 (accuracy at noise 0.3: 0.5567)
- Best k for stability: 11 (std dev: 0.0265)

FULL RESULTS TABLE:
   k_value n_params  train_time baseline_accuracy noise_0.05 noise_0.1 noise_0.2 noise_0.3 bootstrap_mean bootstrap_std
1        1       16    0.002996          0.443333   0.442667  0.446667  0.458667  0.463333       0.441417      0.027644
2        2      121    0.122739          0.503333   0.495333  0.497333  0.505333     0.512         0.5125      0.034095
3        3      576    1.615599              0.54   0.539333      0.53  0.522667  0.524667       0.539333      0.026538
4        4     1941    5.605344              0.52   0.525333  0.538667      0.53     0.514       0.515417      0.033924
5        5     4944   14.667513          0.523333   0.508667     0.524  0.534667  0.517333       0.518167      0.029823
6        6     9949   29.296639              0.53       0.52  0.503333  0.516667  0.502667       0.525083      0.033587
7        7    16384   48.926101          0.536667      0.534  0.517333     0.524  0.521333          0.539      0.034062
8        8    22819   68.650876          0.543333      0.548  0.530667     0.514  0.515333         0.5385      0.036013
9        9    27824   84.112996          0.536667   0.537333  0.511333     0.536  0.556667       0.532583      0.033382
10      10    30827   93.657082              0.54   0.528667     0.536  0.528667      0.55          0.548      0.029158
11      11    32192    97.99112          0.533333   0.540667  0.534667  0.521333  0.529333          0.524      0.026452
12      12    32647  100.166658          0.533333   0.523333  0.526667  0.519333  0.506667       0.539833      0.032884
13      13    32752  100.957873          0.533333   0.533333  0.523333  0.544667     0.526       0.536917      0.034931
14      14    32767   100.19016          0.533333      0.532  0.523333  0.535333  0.525333        0.53075      0.028466
15      15    32768  100.365462          0.533333   0.539333  0.529333  0.533333  0.509333       0.530083      0.032503