K-ADDITIVITY ANALYSIS SUMMARY FOR pairwise_interaction_scaled (game)
============================================================

Dataset: pairwise_interaction_scaled
Representation: game
Number of attributes: 15
Number of samples: 1000

OPTIMAL K VALUES:
- Best k for accuracy: 11 (accuracy: 0.5467)
- Best k for noise robustness: 1 (accuracy at noise 0.3: 0.5660)
- Best k for stability: 1 (std dev: 0.0244)

FULL RESULTS TABLE:
   k_value n_params  train_time baseline_accuracy noise_0.05 noise_0.1 noise_0.2 noise_0.3 bootstrap_mean bootstrap_std
1        1       16  108.248555          0.543333      0.546  0.541333  0.565333     0.566       0.541333      0.024379
2        2      121  106.719889              0.54   0.554667  0.551333  0.537333  0.526667       0.543583      0.035661
3        3      576  107.903088          0.543333   0.532667  0.540667  0.527333     0.528       0.546833      0.033391
4        4     1941  106.853483          0.543333   0.543333  0.526667     0.536     0.526         0.5455       0.03721
5        5     4944  107.391155          0.533333   0.533333      0.55  0.535333     0.532       0.537167      0.032796
6        6     9949  108.175918          0.536667   0.531333     0.528     0.528     0.544       0.535333       0.03168
7        7    16384  108.028603              0.53   0.532667  0.543333     0.538  0.540667       0.537667      0.027271
8        8    22819  105.661654              0.53   0.538667     0.542  0.502667  0.513333        0.53125      0.030337
9        9    27824  106.967489              0.54   0.538667     0.538  0.541333  0.509333          0.533      0.030955
10      10    30827  107.087944              0.54      0.548      0.53  0.542667     0.514       0.543833      0.035466
11      11    32192  107.457136          0.546667   0.550667  0.545333     0.528  0.528667        0.53975        0.0297
12      12    32647  107.299744          0.546667   0.539333  0.560667  0.531333      0.51       0.550333      0.035413
13      13    32752  107.000228          0.546667   0.549333  0.544667  0.526667  0.515333       0.554917       0.02776
14      14    32767  108.368702          0.546667   0.536667     0.548  0.549333  0.534667        0.54575      0.028167
15      15    32768  108.674004          0.546667   0.544667  0.545333  0.539333  0.538667        0.54575      0.034945