K-ADDITIVITY ANALYSIS SUMMARY FOR pairwise_interaction_tanh (game)
============================================================

Dataset: pairwise_interaction_tanh
Representation: game
Number of attributes: 15
Number of samples: 1000

OPTIMAL K VALUES:
- Best k for accuracy: 1 (accuracy: 0.4300)
- Best k for noise robustness: 13 (accuracy at noise 0.3: 0.4347)
- Best k for stability: 1 (std dev: 0.0258)

FULL RESULTS TABLE:
   k_value n_params train_time baseline_accuracy noise_0.05 noise_0.1 noise_0.2 noise_0.3 bootstrap_mean bootstrap_std
1        1       16   0.014053              0.43       0.43      0.43      0.43  0.430667       0.433167      0.025766
2        2      121   0.014224              0.43       0.43      0.43  0.430667  0.432667       0.427167      0.034593
3        3      576   0.017281              0.43       0.43      0.43  0.430667  0.431333       0.423667       0.03295
4        4     1941   0.025051              0.43       0.43      0.43      0.43  0.430667       0.431167      0.029747
5        5     4944   0.041261              0.43       0.43      0.43      0.43      0.43         0.4285      0.026502
6        6     9949   0.070894              0.43       0.43      0.43  0.430667  0.431333       0.435667      0.026799
7        7    16384   0.106815              0.43       0.43      0.43      0.43  0.431333        0.42725      0.034843
8        8    22819   0.148252              0.43       0.43      0.43  0.430667  0.431333       0.426083      0.031992
9        9    27824   0.173955              0.43       0.43      0.43      0.43  0.431333         0.4325      0.030968
10      10    30827   0.201558              0.43       0.43      0.43  0.430667  0.431333       0.432333      0.030006
11      11    32192   0.215084              0.43       0.43      0.43      0.43     0.432          0.429      0.029462
12      12    32647   0.204619              0.43       0.43      0.43      0.43     0.432        0.42725      0.031482
13      13    32752   0.213661              0.43       0.43      0.43      0.43  0.434667       0.429333        0.0366
14      14    32767   0.210888              0.43       0.43      0.43      0.43  0.432667       0.421667      0.030288
15      15    32768   0.215543              0.43       0.43      0.43  0.430667  0.432667        0.43075       0.03481