K-ADDITIVITY ANALYSIS SUMMARY FOR pure_pairwise_interaction (game)
============================================================

Dataset: pure_pairwise_interaction
Representation: game
Number of attributes: 15
Number of samples: 1000

OPTIMAL K VALUES:
- Best k for accuracy: 1 (accuracy: 0.4833)
- Best k for noise robustness: 15 (accuracy at noise 0.3: 0.4900)
FULL RESULTS TABLE:
   k_value n_params train_time baseline_accuracy noise_0.05 noise_0.1 noise_0.2 noise_0.3
1        1       16   0.006017          0.483333   0.483333  0.483333  0.483333  0.483333
2        2      121   0.010504          0.483333   0.483333  0.483333  0.483333  0.483333
3        3      576   0.029707          0.483333   0.483333  0.483333  0.483333  0.483333
4        4     1941   0.096478          0.483333   0.483333  0.483333  0.483333  0.483333
5        5     4944   0.212937          0.483333   0.483333  0.483333  0.483333  0.483333
6        6     9949   0.421992          0.483333   0.483333  0.483333  0.483333  0.483333
7        7    16384   0.690855          0.483333   0.483333  0.483333  0.483333  0.483333
8        8    22819   0.947487          0.483333   0.483333  0.483333  0.483333  0.483333
9        9    27824   1.164184          0.483333   0.483333  0.483333  0.483333  0.483333
10      10    30827   1.279396          0.483333   0.483333  0.483333  0.483333  0.483333
11      11    32192   1.364897          0.483333   0.483333  0.483333  0.483333  0.483333
12      12    32647   1.370317          0.483333   0.483333  0.483333  0.483333  0.483333
13      13    32752    1.50396          0.483333   0.483333  0.483333  0.483333  0.483333
14      14    32767   3.019308          0.483333   0.483333  0.483333  0.483333  0.483333
15      15    32768   3.126339          0.483333      0.484  0.484667      0.48      0.49