K-ADDITIVITY ANALYSIS SUMMARY FOR pairwise_interaction_clipped (mobius)
============================================================

Dataset: pairwise_interaction_clipped
Representation: mobius
Number of attributes: 15
Number of samples: 1000

OPTIMAL K VALUES:
- Best k for accuracy: 4 (accuracy: 0.6833)
- Best k for noise robustness: 2 (accuracy at noise 0.3: 0.6193)
- Best k for stability: 15 (std dev: 0.0254)

FULL RESULTS TABLE:
   k_value n_params  train_time baseline_accuracy noise_0.05 noise_0.1 noise_0.2 noise_0.3 bootstrap_mean bootstrap_std
1        1       16    0.003005          0.466667      0.472     0.482     0.478     0.482        0.46625      0.029442
2        2      121    0.361981          0.666667   0.677333     0.668  0.644667  0.619333       0.665167      0.032433
3        3      576    3.851919          0.676667   0.652667  0.657333  0.622667  0.588667          0.673      0.039036
4        4     1941   13.668515          0.683333   0.657333  0.624667     0.554     0.528       0.676333       0.02851
5        5     4944   32.751033              0.66   0.620667  0.569333     0.506     0.478          0.654      0.029202
6        6     9949   66.699199              0.66      0.578     0.512     0.478     0.454       0.660667      0.028664
7        7    16384  110.205047              0.66      0.562  0.510667     0.484      0.46        0.65775      0.029651
8        8    22819  154.684449              0.66      0.552     0.506     0.466  0.464667       0.662083      0.028738
9        9    27824  189.922091              0.66      0.554  0.513333  0.477333  0.453333       0.655667      0.032753
10      10    30827  213.071679              0.66      0.552     0.504  0.475333  0.461333          0.663      0.030998
11      11    32192  220.890443              0.66      0.558     0.492      0.46     0.442        0.66875       0.02956
12      12    32647  224.553779              0.66   0.557333  0.499333  0.474667     0.456       0.657667      0.031395
13      13    32752  209.372572              0.66   0.554667  0.497333  0.461333  0.455333       0.658167      0.030573
14      14    32767  104.723697              0.66   0.561333  0.505333  0.473333  0.457333       0.665833      0.025481
15      15    32768  101.254613              0.66   0.557333  0.506667     0.472  0.460667       0.658167      0.025372