K-ADDITIVITY ANALYSIS SUMMARY FOR pairwise_interaction_bias (game)
============================================================

Dataset: pairwise_interaction_bias
Representation: game
Number of attributes: 15
Number of samples: 1000

OPTIMAL K VALUES:
- Best k for accuracy: 11 (accuracy: 0.5467)
- Best k for noise robustness: 1 (accuracy at noise 0.3: 0.5613)
- Best k for stability: 14 (std dev: 0.0259)

FULL RESULTS TABLE:
   k_value n_params  train_time baseline_accuracy noise_0.05 noise_0.1 noise_0.2 noise_0.3 bootstrap_mean bootstrap_std
1        1       16   106.08436          0.543333      0.552  0.549333  0.535333  0.561333        0.54425      0.029685
2        2      121   108.13042              0.54   0.553333  0.544667  0.548667  0.530667       0.539167      0.029486
3        3      576  108.191859          0.543333   0.539333     0.526     0.538      0.53        0.54325      0.029391
4        4     1941  108.495966          0.543333      0.536  0.515333  0.546667  0.525333       0.540417      0.029829
5        5     4944  107.061213          0.533333   0.543333  0.543333  0.539333  0.518667       0.532083      0.031833
6        6     9949  107.315669          0.536667       0.53  0.529333     0.546  0.501333       0.542583      0.031417
7        7    16384  108.504483              0.53   0.531333     0.524  0.533333  0.526667       0.529833      0.034544
8        8    22819  108.895706              0.53      0.536      0.54  0.534667  0.530667       0.534167      0.033613
9        9    27824  107.023002              0.54      0.544  0.533333  0.542667  0.547333           0.54      0.035746
10      10    30827  108.520204              0.54       0.54  0.543333  0.534667  0.519333       0.544333      0.035937
11      11    32192  107.286539          0.546667   0.536667  0.547333     0.538     0.528          0.543      0.033793
12      12    32647  109.340941          0.546667   0.546667  0.545333     0.538     0.522        0.54575      0.034253
13      13    32752  108.561788          0.546667   0.542667     0.544     0.536     0.532       0.540667      0.036013
14      14    32767  107.757034          0.546667      0.546     0.526  0.547333  0.514667        0.53875      0.025944
15      15    32768  108.156357          0.546667   0.540667  0.538667     0.538      0.51        0.53575      0.037259