K-ADDITIVITY ANALYSIS SUMMARY FOR triplet_interaction (shapley)
============================================================

Dataset: triplet_interaction
Representation: shapley
Number of attributes: 15
Number of samples: 1000

OPTIMAL K VALUES:
- Best k for accuracy: 4 (accuracy: 0.5600)
- Best k for noise robustness: 14 (accuracy at noise 0.3: 0.5673)
FULL RESULTS TABLE:
   k_value n_params train_time baseline_accuracy noise_0.05 noise_0.1 noise_0.2 noise_0.3
1        1       16   0.001006              0.52   0.522667  0.519333  0.524667  0.529333
2        2      121   0.003002          0.516667      0.522     0.522  0.528667  0.524667
3        3      576   0.026229              0.54   0.540667     0.532  0.542667     0.534
4        4     1941   0.144208              0.56      0.554  0.545333  0.541333  0.554667
5        5     4944     0.5941          0.546667   0.543333     0.542     0.546  0.551333
6        6     9949    2.09122          0.543333   0.543333  0.544667  0.548667     0.544
7        7    16384   6.256167              0.53   0.532667  0.547333     0.554  0.551333
8        8    22819  13.954474          0.526667   0.537333     0.534  0.546667  0.562667
9        9    27824  27.306511              0.53   0.535333  0.545333     0.532      0.55
10      10    30827  42.454345          0.533333   0.537333      0.55  0.563333     0.536
11      11    32192  58.049004          0.533333   0.540667  0.538667  0.552667  0.544667
12      12    32647  66.848985          0.533333      0.534     0.544  0.544667  0.538667
13      13    32752  74.697762          0.533333   0.537333  0.554667  0.555333  0.548667
14      14    32767    72.6881          0.533333   0.532667  0.543333      0.55  0.567333
15      15    32768   78.36013          0.533333   0.531333  0.543333  0.531333     0.564