K-ADDITIVITY ANALYSIS SUMMARY FOR pairwise_interaction (game)
============================================================

Dataset: pairwise_interaction
Representation: game
Number of attributes: 15
Number of samples: 1000

OPTIMAL K VALUES:
- Best k for accuracy: 14 (accuracy: 0.4500)
- Best k for noise robustness: 14 (accuracy at noise 0.3: 0.4520)
- Best k for stability: 15 (std dev: 0.0267)

FULL RESULTS TABLE:
   k_value n_params train_time baseline_accuracy noise_0.05 noise_0.1 noise_0.2 noise_0.3 bootstrap_mean bootstrap_std
1        1       16   0.014059          0.433333   0.435333     0.436  0.439333     0.438       0.435583      0.026851
2        2      121   0.014092              0.43   0.432667  0.436667     0.438  0.435333       0.437667      0.027701
3        3      576    0.01951              0.43   0.431333     0.432  0.439333     0.434       0.428667      0.036187
4        4     1941   0.029578              0.43   0.430667  0.434667  0.437333  0.442667       0.434333      0.028633
5        5     4944   0.054894              0.43       0.43  0.434667     0.438     0.436       0.432167      0.033799
6        6     9949   0.095714              0.43   0.431333     0.434      0.44  0.439333       0.434917      0.029165
7        7    16384    0.14737              0.43   0.431333  0.433333  0.439333     0.434       0.436083      0.032044
8        8    22819   0.202866              0.43   0.431333     0.434  0.436667     0.432        0.42875      0.038063
9        9    27824   0.245531              0.43       0.43     0.434  0.437333  0.438667       0.432917      0.029098
10      10    30827   0.269581              0.43   0.431333     0.436  0.435333  0.431333          0.435      0.032692
11      11    32192   0.294716              0.43   0.433333  0.434667  0.436667     0.442       0.427333      0.029758
12      12    32647   0.290563              0.43      0.432  0.433333     0.438     0.438       0.424833      0.039939
13      13    32752   0.292925              0.43   0.430667  0.433333  0.441333  0.430667        0.43775      0.029491
14      14    32767   0.282964              0.45   0.450667     0.448  0.455333     0.452       0.444417       0.03102
15      15    32768   0.310985              0.43   0.437333      0.44  0.442667     0.442       0.419917      0.026683