K-ADDITIVITY ANALYSIS SUMMARY FOR pairwise_interaction_noisy (mobius)
============================================================

Dataset: pairwise_interaction_noisy
Representation: mobius
Number of attributes: 15
Number of samples: 1000

OPTIMAL K VALUES:
- Best k for accuracy: 2 (accuracy: 0.7367)
- Best k for noise robustness: 2 (accuracy at noise 0.3: 0.7013)
- Best k for stability: 12 (std dev: 0.0253)

FULL RESULTS TABLE:
   k_value n_params  train_time baseline_accuracy noise_0.05 noise_0.1 noise_0.2 noise_0.3 bootstrap_mean bootstrap_std
1        1       16    0.008508          0.493333      0.496     0.498  0.494667  0.504667       0.491667      0.027726
2        2      121    0.805976          0.736667      0.732  0.728667     0.708  0.701333       0.733417      0.027086
3        3      576    3.946693          0.716667   0.711333     0.718  0.703333  0.697333          0.712      0.028597
4        4     1941   12.915848              0.69      0.696  0.684667     0.686  0.681333       0.689917      0.028298
5        5     4944   34.515032              0.68      0.678  0.689333     0.684  0.672667       0.677333      0.026992
6        6     9949   70.452401          0.666667      0.678  0.681333  0.676667  0.658667       0.662667      0.026418
7        7    16384  124.771944          0.656667   0.659333  0.660667     0.652  0.647333       0.663833      0.026186
8        8    22819   71.608277              0.66   0.655333  0.652667     0.652  0.654667          0.664      0.033704
9        9    27824    86.08849          0.653333      0.652  0.652667  0.643333  0.635333          0.657      0.031529
10      10    30827   95.630666              0.65      0.648  0.649333  0.645333  0.639333       0.649333      0.027843
11      11    32192   97.868415          0.646667   0.646667  0.640667  0.637333  0.637333       0.645583      0.035162
12      12    32647   99.906186          0.646667   0.643333     0.646  0.650667  0.633333       0.650333      0.025288
13      13    32752   100.60665          0.646667   0.651333  0.639333  0.627333  0.634667       0.644583      0.028568
14      14    32767  100.645929          0.646667      0.654  0.639333  0.653333  0.625333       0.647167      0.035004
15      15    32768  100.080202          0.646667   0.651333  0.645333  0.652667  0.634667       0.655583      0.025949