K-ADDITIVITY ANALYSIS SUMMARY FOR triplet_interaction (shapley)
============================================================

Dataset: triplet_interaction
Representation: shapley
Number of attributes: 15
Number of samples: 1000

OPTIMAL K VALUES:
- Best k for accuracy: 4 (accuracy: 0.6267)
- Best k for noise robustness: 4 (accuracy at noise 0.3: 0.6107)
FULL RESULTS TABLE:
   k_value n_params  train_time baseline_accuracy noise_0.05 noise_0.1 noise_0.2 noise_0.3
1        1       16    0.001998          0.516667   0.518667     0.522  0.526667     0.522
2        2      121    0.036468          0.506667   0.507333  0.506667  0.506667  0.503333
3        3      576    2.130653          0.623333      0.626  0.621333  0.605333  0.592667
4        4     1941    6.881413          0.626667   0.619333  0.611333  0.603333  0.610667
5        5     4944   18.012213          0.596667   0.596667  0.588667  0.574667      0.59
6        6     9949   36.840478          0.596667      0.584     0.594  0.577333  0.581333
7        7    16384   63.519409              0.56       0.56  0.563333  0.573333  0.552667
8        8    22819    93.48984              0.56   0.561333  0.563333  0.561333     0.568
9        9    27824  125.483603          0.546667   0.551333  0.558667  0.561333  0.554667
10      10    30827  155.699079          0.543333   0.555333     0.558     0.566     0.554
11      11    32192  176.631412          0.543333       0.55     0.552  0.560667  0.552667
12      12    32647  187.550473          0.543333   0.554667  0.560667     0.554  0.540667
13      13    32752  318.562454          0.546667   0.543333  0.562667  0.558667  0.560667
14      14    32767  320.924773          0.546667      0.552      0.56  0.562667     0.556
15      15    32768  195.125881          0.546667   0.550667  0.552667  0.564667  0.562667