K-ADDITIVITY ANALYSIS SUMMARY FOR pairwise_interaction_noisy (mobius)
============================================================

Dataset: pairwise_interaction_noisy
Representation: mobius
Number of attributes: 15
Number of samples: 1000

OPTIMAL K VALUES:
- Best k for accuracy: 3 (accuracy: 0.7000)
- Best k for noise robustness: 3 (accuracy at noise 0.3: 0.6967)
- Best k for stability: 10 (std dev: 0.0213)

FULL RESULTS TABLE:
   k_value n_params train_time baseline_accuracy noise_0.05 noise_0.1 noise_0.2 noise_0.3 bootstrap_mean bootstrap_std
1        1       16   0.002998          0.496667   0.489333     0.492  0.483333  0.503333       0.499667      0.028914
2        2      121      0.026          0.696667   0.686667  0.678667  0.677333     0.652       0.695667      0.025819
3        3      576    0.13938               0.7      0.698  0.709333     0.708  0.696667        0.70025      0.028203
4        4     1941   0.563225          0.686667   0.685333  0.690667  0.685333     0.676       0.684333      0.028242
5        5     4944   1.622209          0.686667   0.686667  0.684667  0.679333     0.654        0.68725      0.026305
6        6     9949    3.50087          0.666667       0.67  0.665333     0.654  0.649333       0.660833      0.026588
7        7    16384   6.288056              0.66   0.656667  0.663333     0.658  0.649333       0.660917      0.026456
8        8    22819   9.442726          0.653333   0.647333  0.662667     0.652      0.63       0.653417       0.02781
9        9    27824  12.178313          0.656667   0.651333      0.65     0.638  0.638667       0.653083      0.033269
10      10    30827   13.77124          0.643333   0.652667     0.652  0.643333  0.631333         0.6465      0.021268
11      11    32192  14.288374          0.643333      0.656  0.645333  0.647333  0.639333       0.643583      0.030485
12      12    32647   14.46372          0.643333   0.646667  0.638667  0.652667     0.642       0.642917        0.0265
13      13    32752  14.557763          0.643333   0.651333  0.637333  0.650667     0.626        0.64475      0.027409
14      14    32767  15.215496          0.643333   0.636667  0.650667  0.641333  0.639333         0.6495      0.032196
15      15    32768  15.059342          0.643333   0.641333     0.644      0.64  0.641333          0.639      0.030842