K-ADDITIVITY ANALYSIS SUMMARY FOR pairwise_interaction (mobius)
============================================================

Dataset: pairwise_interaction
Representation: mobius
Number of attributes: 15
Number of samples: 1000

OPTIMAL K VALUES:
- Best k for accuracy: 2 (accuracy: 0.7233)
- Best k for noise robustness: 2 (accuracy at noise 0.3: 0.7000)
- Best k for stability: 3 (std dev: 0.0246)

FULL RESULTS TABLE:
   k_value n_params  train_time baseline_accuracy noise_0.05 noise_0.1 noise_0.2 noise_0.3 bootstrap_mean bootstrap_std
1        1       16         0.0               0.5   0.497333     0.496  0.499333  0.508667       0.504417      0.035924
2        2      121    0.342541          0.723333   0.715333      0.72  0.704667       0.7       0.722333      0.026961
3        3      576    1.659041              0.72   0.708667       0.7  0.702667  0.684667         0.7185      0.024582
4        4     1941    5.577136          0.676667      0.676  0.689333  0.676667  0.670667       0.677917      0.027954
5        5     4944   34.883417              0.67      0.664  0.661333  0.657333     0.652         0.6695      0.028253
6        6     9949   63.012112          0.663333      0.654      0.66  0.655333  0.661333       0.663917      0.030283
7        7    16384   134.81948              0.64   0.648667  0.641333      0.64  0.659333       0.637833      0.034889
8        8    22819  201.368192              0.63   0.637333  0.632667  0.646667  0.646667          0.637      0.028597
9        9    27824  239.870969              0.63   0.625333  0.633333  0.638667     0.634       0.628083      0.033154
10      10    30827  167.688735          0.626667   0.624667     0.622  0.627333     0.628       0.640917      0.026163
11      11    32192  101.263055          0.626667      0.632  0.624667     0.636  0.635333       0.619583      0.029134
12      12    32647    102.6423          0.623333   0.627333  0.635333     0.636  0.641333          0.627      0.028263
13      13    32752  101.093274          0.623333      0.624     0.626  0.629333  0.627333       0.626167      0.034116
14      14    32767  100.375309          0.623333      0.626     0.618  0.631333  0.624667       0.623417      0.030776
15      15    32768  101.435323          0.623333   0.628667      0.63  0.632667  0.630667       0.620917      0.031518