K-ADDITIVITY ANALYSIS SUMMARY FOR triplet_interaction (game)
============================================================

Dataset: triplet_interaction
Representation: game
Number of attributes: 15
Number of samples: 1000

OPTIMAL K VALUES:
- Best k for accuracy: 15 (accuracy: 0.4833)
- Best k for noise robustness: 15 (accuracy at noise 0.3: 0.4847)
FULL RESULTS TABLE:
   k_value n_params train_time baseline_accuracy noise_0.05 noise_0.1 noise_0.2 noise_0.3
1        1       16      0.005          0.466667   0.466667  0.466667  0.467333  0.468667
2        2      121      0.006          0.466667   0.466667     0.468     0.468     0.468
3        3      576   0.008998          0.466667   0.466667  0.466667  0.468667  0.467333
4        4     1941   0.018606          0.466667   0.467333  0.467333  0.467333     0.468
5        5     4944   0.033234          0.466667   0.466667     0.468  0.468667     0.468
6        6     9949   0.062079          0.466667   0.466667     0.468  0.469333  0.470667
7        7    16384   0.095383          0.466667   0.466667     0.468  0.471333  0.470667
8        8    22819   0.187836          0.466667   0.466667  0.466667     0.468  0.467333
9        9    27824   0.223621          0.466667   0.466667  0.466667  0.467333  0.466667
10      10    30827   0.247552          0.466667   0.466667  0.466667     0.468  0.466667
11      11    32192    0.26096          0.466667   0.466667  0.466667     0.466     0.466
12      12    32647   0.267295          0.466667   0.466667  0.466667  0.468667  0.466667
13      13    32752   0.265205          0.466667   0.465333  0.466667     0.464     0.464
14      14    32767   0.264557              0.47   0.467333  0.468667  0.466667  0.463333
15      15    32768   0.265296          0.483333   0.473333  0.483333      0.48  0.484667