K-ADDITIVITY ANALYSIS SUMMARY FOR pairwise_interaction_bias (mobius)
============================================================

Dataset: pairwise_interaction_bias
Representation: mobius
Number of attributes: 15
Number of samples: 1000

OPTIMAL K VALUES:
- Best k for accuracy: 3 (accuracy: 0.7067)
- Best k for noise robustness: 4 (accuracy at noise 0.3: 0.6780)
- Best k for stability: 15 (std dev: 0.0269)

FULL RESULTS TABLE:
   k_value n_params train_time baseline_accuracy noise_0.05 noise_0.1 noise_0.2 noise_0.3 bootstrap_mean bootstrap_std
1        1       16    0.00205          0.483333   0.482667  0.485333     0.496     0.518          0.481      0.028445
2        2      121   0.024498               0.7   0.696667     0.684  0.653333     0.664       0.698667      0.034895
3        3      576   0.130646          0.706667      0.706  0.699333  0.692667  0.675333       0.704583      0.027579
4        4     1941   0.537306          0.696667   0.696667  0.682667  0.687333     0.678          0.692        0.0333
5        5     4944   1.571222          0.673333      0.662     0.672  0.669333      0.66        0.66725      0.034561
6        6     9949   3.478052          0.663333   0.652667     0.656  0.656667  0.652667       0.666417      0.030293
7        7    16384   6.395072          0.646667   0.641333     0.634  0.642667  0.658667       0.642583      0.034098
8        8    22819   9.361635              0.62   0.624667  0.635333     0.642  0.630667          0.624      0.032087
9        9    27824  21.049806          0.613333   0.625333  0.640667     0.636  0.641333       0.613667      0.031875
10      10    30827  22.917819          0.623333   0.632667     0.622     0.632     0.634       0.632583      0.031564
11      11    32192  24.125339          0.626667      0.624     0.628      0.65  0.624667        0.63375      0.030485
12      12    32647  25.281476          0.626667   0.628667     0.632  0.615333  0.612667        0.62075      0.035025
13      13    32752  25.315428          0.626667   0.627333  0.635333  0.630667  0.631333       0.633417      0.032377
14      14    32767   25.28756          0.626667      0.626  0.626667  0.638667  0.639333       0.636833      0.032844
15      15    32768  24.847225          0.626667   0.628667  0.623333  0.639333  0.632667          0.626      0.026933