K-ADDITIVITY ANALYSIS SUMMARY FOR triplet_interaction (mobius)
============================================================

Dataset: triplet_interaction
Representation: mobius
Number of attributes: 15
Number of samples: 1000

OPTIMAL K VALUES:
- Best k for accuracy: 3 (accuracy: 0.5533)
- Best k for noise robustness: 5 (accuracy at noise 0.3: 0.5500)
FULL RESULTS TABLE:
   k_value n_params  train_time baseline_accuracy noise_0.05 noise_0.1 noise_0.2 noise_0.3
1        1       16    0.002003          0.516667   0.518667  0.524667  0.535333  0.533333
2        2      121    0.106015          0.516667   0.516667      0.52  0.525333  0.523333
3        3      576    2.269414          0.553333   0.551333     0.544  0.556667     0.538
4        4     1941    7.297891          0.526667   0.532667  0.538667  0.552667     0.526
5        5     4944   18.891279          0.543333   0.542667     0.544  0.544667      0.55
6        6     9949   38.052628          0.546667   0.547333  0.545333  0.541333  0.529333
7        7    16384   70.220331          0.536667      0.532  0.546667  0.530667  0.534667
8        8    22819   86.857032              0.53   0.536667  0.539333     0.544  0.528667
9        9    27824  107.242569              0.54   0.544667      0.55      0.54  0.535333
10      10    30827  118.245164          0.546667   0.552667  0.553333     0.552  0.540667
11      11    32192  122.649125          0.546667   0.547333     0.554  0.533333  0.534667
12      12    32647  125.081036          0.543333      0.548  0.546667  0.535333  0.535333
13      13    32752  124.929796          0.543333   0.551333  0.534667  0.541333  0.545333
14      14    32767  125.254553          0.543333   0.550667  0.548667  0.531333     0.544
15      15    32768  126.625617          0.543333   0.548667  0.553333  0.545333      0.53