K-ADDITIVITY ANALYSIS SUMMARY FOR pairwise_interaction_noisy (shapley)
============================================================

Dataset: pairwise_interaction_noisy
Representation: shapley
Number of attributes: 15
Number of samples: 1000

OPTIMAL K VALUES:
- Best k for accuracy: 2 (accuracy: 0.7267)
- Best k for noise robustness: 2 (accuracy at noise 0.3: 0.7120)
- Best k for stability: 4 (std dev: 0.0247)

FULL RESULTS TABLE:
   k_value n_params  train_time baseline_accuracy noise_0.05 noise_0.1 noise_0.2 noise_0.3 bootstrap_mean bootstrap_std
1        1       16    0.001998          0.493333   0.495333     0.502  0.496667  0.510667       0.488333      0.030058
2        2      121    0.339508          0.726667   0.739333     0.738      0.72     0.712       0.723583      0.029972
3        3      576    1.611894          0.686667      0.696     0.686     0.674  0.654667       0.690583      0.031234
4        4     1941    5.173382          0.686667   0.687333  0.689333  0.680667     0.664       0.691667      0.024678
5        5     4944   13.477044          0.666667   0.660667  0.672667     0.656     0.648       0.669833      0.032761
6        6     9949   27.720177          0.663333      0.668     0.672     0.656  0.656667         0.6615      0.030214
7        7    16384   47.899841          0.656667       0.66  0.657333  0.662667  0.660667         0.6535      0.030246
8        8    22819   69.346813          0.656667   0.649333  0.646667  0.657333  0.639333        0.65025      0.026633
9        9    27824   91.122811          0.656667   0.651333  0.647333  0.658667  0.654667       0.655583      0.030964
10      10    30827  110.620291          0.656667   0.658667  0.656667  0.649333  0.643333       0.658833      0.033382
11      11    32192  120.324272          0.653333   0.657333  0.650667  0.653333  0.638667        0.66575      0.030417
12      12    32647  125.037254          0.653333      0.654     0.656     0.652  0.640667       0.645583      0.033504
13      13    32752  129.708476          0.653333      0.654  0.647333      0.65  0.645333       0.654417      0.027719
14      14    32767  127.773194          0.653333   0.661333  0.655333     0.654  0.641333       0.661417      0.035058
15      15    32768  150.937794          0.653333      0.646  0.655333     0.654  0.635333         0.6475      0.027131