K-ADDITIVITY ANALYSIS SUMMARY FOR pure_pairwise_interaction (shapley)
============================================================

Dataset: pure_pairwise_interaction
Representation: shapley
Number of attributes: 15
Number of samples: 1000

OPTIMAL K VALUES:
- Best k for accuracy: 2 (accuracy: 0.7400)
- Best k for noise robustness: 7 (accuracy at noise 0.3: 0.7313)
- Best k for stability: 2 (std dev: 0.0222)

FULL RESULTS TABLE:
   k_value n_params  train_time baseline_accuracy noise_0.1 noise_0.2 noise_0.3 bootstrap_mean bootstrap_std
1        1       16    0.003211              0.49  0.486667  0.482667  0.485333       0.483083      0.036261
2        2      121    0.063661              0.74  0.744667  0.736667      0.72       0.738417      0.022241
3        3      576    1.296938          0.736667  0.734667  0.736667     0.718       0.732917       0.02814
4        4     1941    4.552955          0.736667  0.738667     0.744     0.718       0.737333      0.023643
5        5     4944   17.744028          0.733333  0.745333  0.740667  0.719333         0.7285      0.025811
6        6     9949   36.414357              0.73  0.749333  0.745333  0.730667        0.72775      0.027896
7        7    16384    64.10752          0.723333  0.741333  0.723333  0.731333       0.723917      0.025329
8        8    22819   97.078365          0.723333  0.734667  0.742667  0.708667       0.721083      0.033013
9        9    27824   124.31321              0.73  0.740667  0.726667  0.717333       0.736083      0.029984
10      10    30827  151.093231              0.73     0.728  0.725333  0.723333       0.733333      0.031325
11      11    32192  170.989553              0.73  0.736667  0.733333     0.712        0.73125      0.031083
12      12    32647  182.174212          0.726667     0.732     0.736     0.716       0.728667      0.025463
13      13    32752  190.164258          0.726667  0.738667     0.744     0.722       0.729833        0.0323
14      14    32767  197.840755          0.726667  0.740667  0.742667     0.726        0.72275      0.026812
15      15    32768  191.960897          0.726667  0.734667     0.732  0.729333       0.727833      0.026253