K-ADDITIVITY ANALYSIS SUMMARY FOR pairwise_interaction (shapley)
============================================================

Dataset: pairwise_interaction
Representation: shapley
Number of attributes: 15
Number of samples: 1000

OPTIMAL K VALUES:
- Best k for accuracy: 4 (accuracy: 0.6733)
- Best k for noise robustness: 2 (accuracy at noise 0.3: 0.6540)
- Best k for stability: 14 (std dev: 0.0270)

FULL RESULTS TABLE:
   k_value n_params  train_time baseline_accuracy noise_0.05 noise_0.1 noise_0.2 noise_0.3 bootstrap_mean bootstrap_std
1        1       16    0.002152          0.483333   0.487333  0.490667  0.495333  0.488667       0.484833      0.027773
2        2      121    0.003999              0.65      0.654  0.661333     0.664     0.654       0.650583      0.031983
3        3      576    0.028242              0.67   0.664667     0.664      0.66  0.651333       0.666833      0.029214
4        4     1941    0.150372          0.673333   0.660667  0.658667     0.658  0.647333       0.664083      0.031346
5        5     4944    0.453662              0.65      0.654     0.658  0.647333  0.639333          0.652      0.030371
6        6     9949    1.490671          0.653333      0.652  0.657333  0.649333     0.632        0.65125      0.032652
7        7    16384    5.020206          0.636667       0.64  0.642667     0.638  0.627333       0.635167      0.034653
8        8    22819    8.995567              0.63   0.641333     0.646  0.647333      0.63       0.628083      0.030662
9        9    27824   17.621114          0.626667       0.64  0.638667     0.628  0.618667       0.622917      0.032116
10      10    30827   28.764107              0.63      0.638  0.637333  0.634667  0.644667       0.632917      0.030072
11      11    32192   36.855898          0.633333   0.635333  0.638667  0.636667     0.618       0.629417      0.031693
12      12    32647    37.65614          0.633333   0.647333     0.638     0.636  0.611333       0.628167      0.027139
13      13    32752   51.818685          0.633333   0.636667     0.644  0.632667  0.635333          0.634      0.033389
14      14    32767   42.223783          0.633333   0.636667  0.644667  0.624667  0.633333       0.633417      0.026971
15      15    32768  124.632393          0.633333   0.638667     0.646     0.638  0.626667       0.637833      0.028914