K-ADDITIVITY ANALYSIS SUMMARY FOR pairwise_interaction_scaled (game)
============================================================

Dataset: pairwise_interaction_scaled
Representation: game
Number of attributes: 15
Number of samples: 1000

OPTIMAL K VALUES:
- Best k for accuracy: 14 (accuracy: 0.4500)
- Best k for noise robustness: 14 (accuracy at noise 0.3: 0.4493)
- Best k for stability: 9 (std dev: 0.0233)

FULL RESULTS TABLE:
   k_value n_params train_time baseline_accuracy noise_0.05 noise_0.1 noise_0.2 noise_0.3 bootstrap_mean bootstrap_std
1        1       16   0.014491          0.433333      0.434  0.436667      0.44  0.435333       0.426333      0.033824
2        2      121     0.0151              0.43   0.434667     0.438  0.439333  0.441333       0.426833      0.038713
3        3      576   0.018006              0.43   0.430667  0.432667  0.437333     0.434       0.438167      0.030543
4        4     1941   0.030139              0.43       0.43  0.436667  0.434667     0.442       0.423417      0.029284
5        5     4944   0.055841              0.43   0.430667  0.435333     0.436     0.434         0.4275      0.027839
6        6     9949   0.090746              0.43      0.432  0.432667  0.435333  0.438667       0.430333      0.032286
7        7    16384   0.149451              0.43   0.430667  0.434667  0.438667     0.438         0.4255      0.031925
8        8    22819   0.200476              0.43   0.430667     0.434  0.435333  0.439333       0.429667      0.030157
9        9    27824   0.253292              0.43   0.432667  0.435333  0.436667  0.442667       0.426083      0.023301
10      10    30827   0.275188              0.43   0.430667     0.436  0.435333  0.436667       0.430583       0.02747
11      11    32192   0.284911              0.43   0.431333     0.434  0.440667  0.440667       0.438917      0.028365
12      12    32647   0.319086              0.43   0.433333  0.432667     0.438  0.439333        0.42525      0.034201
13      13    32752   0.289415              0.43      0.432  0.434667  0.437333      0.43        0.42825      0.030026
14      14    32767   0.290303              0.45   0.449333     0.452     0.454  0.449333          0.451      0.035586
15      15    32768    0.29477              0.43   0.437333     0.438     0.444  0.438667         0.4275      0.028952