K-ADDITIVITY ANALYSIS SUMMARY FOR pairwise_interaction_scaled (mobius)
============================================================

Dataset: pairwise_interaction_scaled
Representation: mobius
Number of attributes: 15
Number of samples: 1000

OPTIMAL K VALUES:
- Best k for accuracy: 3 (accuracy: 0.7067)
- Best k for noise robustness: 3 (accuracy at noise 0.3: 0.6787)
- Best k for stability: 3 (std dev: 0.0255)

FULL RESULTS TABLE:
   k_value n_params train_time baseline_accuracy noise_0.05 noise_0.1 noise_0.2 noise_0.3 bootstrap_mean bootstrap_std
1        1       16   0.008613          0.483333   0.486667  0.487333  0.490667  0.475333         0.4825       0.03498
2        2      121   0.040639               0.7       0.69  0.686667  0.677333     0.658       0.706583       0.03062
3        3      576   0.206826          0.706667       0.71     0.702     0.702  0.678667       0.703083       0.02552
4        4     1941   0.904877          0.696667   0.692667  0.677333     0.684  0.664667       0.700083      0.035153
5        5     4944   2.882005          0.673333   0.669333  0.659333      0.66     0.644       0.672083      0.027019
6        6     9949   6.265324          0.666667      0.658     0.656  0.650667     0.662       0.670667      0.030788
7        7    16384   6.307726          0.646667   0.641333  0.645333  0.642667     0.652        0.64375      0.028459
8        8    22819  17.732366              0.62   0.630667  0.642667     0.638  0.625333        0.62325      0.029369
9        9    27824  21.208874          0.613333      0.628  0.629333     0.636  0.626667       0.604417      0.038409
10      10    30827  26.019236              0.62       0.62  0.631333  0.639333  0.608667       0.618417      0.027145
11      11    32192  27.364698          0.623333   0.619333  0.638667  0.631333     0.622        0.62875      0.032471
12      12    32647   29.19933          0.626667      0.622     0.632  0.626667  0.629333       0.624083      0.026696
13      13    32752   14.65057          0.626667      0.622  0.631333  0.627333  0.625333       0.620583      0.033535
14      14    32767  14.821888          0.626667   0.629333  0.618667  0.631333  0.633333          0.625       0.03063
15      15    32768  14.919792          0.626667      0.628  0.633333  0.627333     0.644       0.630167      0.026241