K-ADDITIVITY ANALYSIS SUMMARY FOR pure_pairwise_interaction (game)
============================================================

Dataset: pure_pairwise_interaction
Representation: game
Number of attributes: 15
Number of samples: 1000

OPTIMAL K VALUES:
- Best k for accuracy: 13 (accuracy: 0.5267)
- Best k for noise robustness: 14 (accuracy at noise 0.3: 0.5200)
FULL RESULTS TABLE:
   k_value n_params train_time baseline_accuracy noise_0.05 noise_0.1 noise_0.2 noise_0.3
1        1       16   0.005508          0.486667   0.490667  0.496667  0.493333  0.491333
2        2      121      0.006              0.49   0.492667       0.5       0.5  0.484667
3        3      576   0.009001          0.496667      0.496  0.497333  0.489333  0.505333
4        4     1941   0.021313          0.496667        0.5  0.493333  0.501333  0.494667
5        5     4944      0.034          0.493333      0.496  0.498667  0.499333  0.499333
6        6     9949      0.059          0.493333      0.494  0.496667  0.497333     0.496
7        7    16384   0.094618          0.493333   0.501333  0.494667  0.486667  0.506667
8        8    22819   0.132709          0.493333   0.495333  0.494667     0.498  0.498667
9        9    27824    0.15804          0.493333   0.501333  0.489333  0.492667  0.489333
10      10    30827   0.182065          0.493333   0.492667  0.498667  0.503333  0.500667
11      11    32192   0.193592          0.496667      0.498  0.494667     0.496  0.508667
12      12    32647   0.268227          0.506667   0.504667  0.503333     0.512     0.494
13      13    32752   0.270777          0.526667      0.512  0.514667  0.509333     0.496
14      14    32767   0.265911          0.506667      0.508  0.509333     0.512      0.52
15      15    32768   0.270113              0.49   0.492667       0.5  0.492667     0.504