K-ADDITIVITY ANALYSIS SUMMARY FOR pairwise_interaction (shapley)
============================================================

Dataset: pairwise_interaction
Representation: shapley
Number of attributes: 15
Number of samples: 1000

OPTIMAL K VALUES:
- Best k for accuracy: 2 (accuracy: 0.7333)
- Best k for noise robustness: 2 (accuracy at noise 0.3: 0.6827)
- Best k for stability: 6 (std dev: 0.0272)

FULL RESULTS TABLE:
   k_value n_params  train_time baseline_accuracy noise_0.05 noise_0.1 noise_0.2 noise_0.3 bootstrap_mean bootstrap_std
1        1       16    0.005486               0.5   0.498667  0.498667     0.506  0.497333       0.495917      0.033886
2        2      121    0.330921          0.733333   0.726667  0.734667  0.715333  0.682667       0.732083       0.02917
3        3      576     1.53411          0.693333      0.684     0.674  0.671333  0.668667        0.69275      0.033838
4        4     1941     5.23178          0.683333   0.686667  0.685333  0.681333     0.672       0.685917      0.033353
5        5     4944   13.326706              0.66   0.662667  0.660667     0.662     0.652       0.668083      0.031881
6        6     9949   27.731065          0.656667      0.658  0.663333     0.644  0.658667          0.655      0.027208
7        7    16384   48.565712          0.646667   0.650667      0.65  0.651333  0.646667       0.643083       0.03187
8        8    22819   69.505854              0.64   0.641333  0.648667     0.638  0.637333       0.642083      0.028931
9        9    27824   90.144474          0.626667   0.641333     0.648  0.645333  0.641333       0.626917      0.028628
10      10    30827  109.604244          0.633333      0.636  0.645333     0.642  0.634667        0.62875      0.030291
11      11    32192  120.654022              0.63      0.628  0.649333  0.646667  0.632667       0.629333      0.030833
12      12    32647  124.524759              0.63   0.633333     0.648  0.645333     0.648        0.63025      0.031067
13      13    32752  129.452367              0.63   0.640667  0.645333     0.654     0.648       0.624583      0.027275
14      14    32767  126.986829              0.63   0.637333  0.647333  0.649333  0.665333       0.625917      0.028435
15      15    32768  149.472791              0.63   0.630667  0.641333  0.657333  0.654667       0.631083      0.029371