K-ADDITIVITY ANALYSIS SUMMARY FOR pairwise_interaction_threshold (game)
============================================================

Dataset: pairwise_interaction_threshold
Representation: game
Number of attributes: 15
Number of samples: 1000

OPTIMAL K VALUES:
- Best k for accuracy: 11 (accuracy: 0.5867)
- Best k for noise robustness: 11 (accuracy at noise 0.3: 0.5880)
- Best k for stability: 2 (std dev: 0.0270)

FULL RESULTS TABLE:
   k_value n_params train_time baseline_accuracy noise_0.05 noise_0.1 noise_0.2 noise_0.3 bootstrap_mean bootstrap_std
1        1       16        0.0              0.43       0.43      0.43      0.43      0.43       0.431167      0.027351
2        2      121   0.343956              0.43   0.430667  0.429333  0.429333      0.43        0.43125      0.027045
3        3      576    1.56963              0.43      0.432  0.436667  0.424667  0.430667       0.428167      0.028766
4        4     1941   5.138282              0.43   0.430667  0.431333     0.436  0.431333        0.43125      0.030847
5        5     4944  13.439706              0.43   0.427333  0.434667  0.427333  0.431333        0.42675      0.027298
6        6     9949  26.758005              0.43   0.430667  0.435333  0.437333     0.438       0.431333      0.029324
7        7    16384  44.198818              0.43      0.432  0.423333     0.446     0.434        0.43375      0.031072
8        8    22819  61.202922              0.43   0.436667     0.452  0.444667  0.431333       0.430333      0.031744
9        9    27824   75.05407              0.58       0.58  0.577333     0.584      0.58       0.574833      0.029779
10      10    30827  83.478528          0.583333   0.583333  0.584667  0.585333  0.585333       0.580917      0.032373
11      11    32192   88.12467          0.586667   0.586667  0.586667  0.586667     0.588          0.586       0.02855
12      12    32647  88.442382          0.433333      0.434     0.436     0.434  0.441333       0.430583      0.030352
13      13    32752  88.537633          0.433333   0.433333  0.434667     0.438  0.432667       0.431917      0.029646
14      14    32767  89.311662          0.433333   0.433333  0.435333     0.444  0.442667       0.429417      0.032215
15      15    32768  89.050208          0.433333      0.434  0.433333  0.440667  0.433333        0.43075      0.028866