K-ADDITIVITY ANALYSIS SUMMARY FOR pairwise_interaction (game)
============================================================

Dataset: pairwise_interaction
Representation: game
Number of attributes: 15
Number of samples: 1000

OPTIMAL K VALUES:
- Best k for accuracy: 11 (accuracy: 0.5600)
- Best k for noise robustness: 11 (accuracy at noise 0.3: 0.5600)
- Best k for stability: 2 (std dev: 0.0260)

FULL RESULTS TABLE:
   k_value n_params  train_time baseline_accuracy noise_0.05 noise_0.1 noise_0.2 noise_0.3 bootstrap_mean bootstrap_std
1        1       16    0.049522              0.51   0.506667  0.495333  0.506667  0.502667       0.507833      0.033309
2        2      121    0.350868              0.52   0.532667  0.540667  0.535333  0.531333         0.5185      0.025956
3        3      576    1.509901          0.546667   0.548667  0.548667  0.542667  0.525333         0.5505      0.033309
4        4     1941    5.102371              0.53      0.544  0.537333  0.531333  0.532667         0.5305      0.031174
5        5     4944   13.231507              0.52   0.537333      0.55  0.532667  0.538667        0.52025      0.032724
6        6     9949    26.87466              0.54   0.538667  0.539333  0.524667  0.540667       0.545417       0.03135
7        7    16384   53.924471          0.546667   0.548667  0.550667  0.556667     0.556       0.551833      0.027401
8        8    22819   61.840237          0.523333   0.541333  0.542667  0.566667  0.549333          0.532      0.032919
9        9    27824   75.621224          0.553333   0.546667  0.556667  0.545333     0.542        0.55225      0.033985
10      10    30827   83.947745          0.543333   0.553333  0.545333  0.555333  0.557333        0.54225      0.027939
11      11    32192    88.00965              0.56   0.561333  0.568667  0.567333      0.56       0.562083      0.029026
12      12    32647   88.782456          0.543333   0.560667     0.548  0.544667     0.544        0.53925      0.030415
13      13    32752   152.66283          0.493333       0.51      0.51  0.528667  0.545333       0.494917      0.031986
14      14    32767  174.017673          0.526667   0.524667  0.523333  0.537333  0.516667       0.525417      0.030164
15      15    32768    89.70975          0.526667   0.507333  0.517333  0.523333  0.537333          0.524      0.034976