K-ADDITIVITY ANALYSIS SUMMARY FOR pairwise_interaction_noisy (game)
============================================================

Dataset: pairwise_interaction_noisy
Representation: game
Number of attributes: 15
Number of samples: 1000

OPTIMAL K VALUES:
- Best k for accuracy: 15 (accuracy: 0.4467)
- Best k for noise robustness: 14 (accuracy at noise 0.3: 0.4453)
- Best k for stability: 8 (std dev: 0.0240)

FULL RESULTS TABLE:
   k_value n_params train_time baseline_accuracy noise_0.05 noise_0.1 noise_0.2 noise_0.3 bootstrap_mean bootstrap_std
1        1       16   0.013047          0.436667   0.437333  0.437333  0.437333  0.440667       0.441833      0.027838
2        2      121   0.015039          0.433333      0.436  0.433333     0.436  0.437333       0.431667      0.035188
3        3      576     0.0171          0.436667      0.436  0.436667  0.434667  0.436667       0.429333      0.034136
4        4     1941   0.031573          0.436667      0.436  0.437333     0.436  0.441333       0.432333       0.03018
5        5     4944    0.05286          0.436667      0.434  0.432667     0.436     0.438         0.4385      0.031607
6        6     9949   0.090826          0.436667   0.433333     0.434  0.435333     0.436       0.443583      0.031702
7        7    16384   0.144611          0.436667      0.436  0.435333     0.438  0.435333       0.432333      0.025557
8        8    22819   0.201508          0.436667      0.434  0.435333  0.437333     0.438       0.436167      0.024029
9        9    27824   0.247842          0.436667   0.434667     0.436     0.436     0.438       0.445333      0.027293
10      10    30827   0.270526          0.436667      0.434     0.436  0.437333  0.436667        0.43725      0.031901
11      11    32192   0.276246          0.436667   0.433333     0.438  0.437333  0.436667       0.440167      0.030616
12      12    32647   0.282603          0.433333   0.433333  0.432667  0.436667  0.437333        0.43325      0.031847
13      13    32752   0.289226          0.433333      0.434  0.433333     0.436  0.435333       0.432333      0.036748
14      14    32767   0.316123          0.443333      0.444  0.446667  0.447333  0.445333       0.442083      0.035739
15      15    32768   0.318374          0.446667   0.442667  0.442667  0.439333  0.442667       0.441417      0.031911