K-ADDITIVITY ANALYSIS SUMMARY FOR pairwise_interaction_bias (mobius)
============================================================

Dataset: pairwise_interaction_bias
Representation: mobius
Number of attributes: 15
Number of samples: 1000

OPTIMAL K VALUES:
- Best k for accuracy: 2 (accuracy: 0.7233)
- Best k for noise robustness: 2 (accuracy at noise 0.3: 0.6973)
- Best k for stability: 9 (std dev: 0.0229)

FULL RESULTS TABLE:
   k_value n_params  train_time baseline_accuracy noise_0.05 noise_0.1 noise_0.2 noise_0.3 bootstrap_mean bootstrap_std
1        1       16         0.0               0.5      0.496     0.504      0.51     0.502       0.506417      0.033481
2        2      121    0.349004          0.723333   0.722667     0.728  0.712667  0.697333       0.717417      0.025107
3        3      576    1.669795              0.72   0.708667  0.710667  0.699333     0.692       0.719583      0.031405
4        4     1941    5.494124          0.676667   0.672667     0.682  0.677333  0.653333       0.684667       0.02935
5        5     4944   14.702599              0.67   0.676667     0.674  0.678667  0.663333         0.6605      0.028349
6        6     9949   30.580032          0.663333      0.652     0.654  0.658667     0.658         0.6665      0.026951
7        7    16384   49.078501              0.64   0.643333  0.645333  0.650667      0.64         0.6415      0.033208
8        8    22819   69.026176              0.63   0.634667      0.64     0.624  0.631333       0.629417      0.031396
9        9    27824   86.310085              0.63   0.629333  0.631333  0.652667  0.646667       0.634833      0.022909
10      10    30827   95.682563          0.626667      0.626  0.628667  0.637333  0.625333         0.6305      0.031085
11      11    32192  100.853491          0.626667      0.622      0.63     0.638     0.616       0.618917      0.027287
12      12    32647  102.259533          0.623333      0.628     0.638  0.632667  0.618667       0.625917      0.027917
13      13    32752  102.548372          0.623333   0.625333  0.620667  0.638667  0.627333        0.62225      0.031486
14      14    32767  102.835485          0.623333      0.628  0.626667      0.62     0.626         0.6235      0.033559
15      15    32768  103.391486          0.623333      0.622  0.623333  0.626667      0.64       0.617333      0.030143