K-ADDITIVITY ANALYSIS SUMMARY FOR pairwise_interaction_power2 (game)
============================================================

Dataset: pairwise_interaction_power2
Representation: game
Number of attributes: 15
Number of samples: 1000

OPTIMAL K VALUES:
- Best k for accuracy: 2 (accuracy: 0.4233)
- Best k for noise robustness: 2 (accuracy at noise 0.3: 0.4307)
- Best k for stability: 3 (std dev: 0.0254)

FULL RESULTS TABLE:
   k_value n_params train_time baseline_accuracy noise_0.05 noise_0.1 noise_0.2 noise_0.3 bootstrap_mean bootstrap_std
1        1       16   0.014085              0.42   0.421333     0.424      0.42  0.419333       0.422583      0.031103
2        2      121   0.014422          0.423333      0.424     0.424  0.425333  0.430667       0.420583      0.037169
3        3      576    0.01807          0.423333      0.424     0.422  0.421333  0.423333       0.423833      0.025359
4        4     1941   0.029063          0.423333   0.422667     0.424  0.424667  0.429333       0.419167      0.031535
5        5     4944   0.055504          0.423333   0.423333     0.424  0.420667  0.422667       0.428083      0.029236
6        6     9949   0.093485          0.423333   0.423333     0.422  0.422667  0.423333       0.430083      0.032332
7        7    16384   0.147676          0.423333   0.423333  0.424667  0.426667  0.421333         0.4255      0.037617
8        8    22819   0.201386          0.423333   0.423333  0.422667     0.424     0.422       0.420417      0.029991
9        9    27824   0.242789          0.423333   0.423333     0.422  0.422667  0.426667        0.42375      0.025729
10      10    30827   0.263183          0.423333   0.423333  0.421333  0.419333      0.42          0.419       0.03062
11      11    32192   0.279359          0.423333   0.423333  0.421333     0.422     0.424       0.423417      0.033962
12      12    32647   0.282671          0.423333      0.422  0.423333     0.422  0.424667        0.41925      0.027448
13      13    32752   0.314103          0.423333   0.422667     0.424     0.424     0.424       0.425417      0.027579
14      14    32767   0.294663          0.423333   0.423333  0.424667     0.428  0.419333       0.427417       0.03265
15      15    32768   0.323472          0.423333   0.423333     0.422     0.422  0.421333       0.422083      0.031899