K-ADDITIVITY ANALYSIS SUMMARY FOR pure_pairwise_interaction (shapley)
============================================================

Dataset: pure_pairwise_interaction
Representation: shapley
Number of attributes: 15
Number of samples: 1000

OPTIMAL K VALUES:
- Best k for accuracy: 2 (accuracy: 0.7800)
- Best k for noise robustness: 4 (accuracy at noise 0.3: 0.7440)
- Best k for stability: 10 (std dev: 0.0231)

FULL RESULTS TABLE:
   k_value n_params  train_time baseline_accuracy noise_0.1 noise_0.2 noise_0.3 bootstrap_mean bootstrap_std
1        1       16    0.002495          0.493333  0.485333     0.488  0.485333       0.490333      0.032824
2        2      121    0.336728              0.78     0.772  0.744667  0.734667         0.7845      0.025125
3        3      576    1.674391          0.756667  0.764667     0.752  0.743333       0.754083      0.025826
4        4     1941    5.234012          0.766667  0.758667  0.751333     0.744         0.7655      0.023304
5        5     4944   13.765295          0.746667     0.734  0.747333  0.735333          0.749      0.028401
6        6     9949   28.647451          0.726667     0.742  0.727333     0.732         0.7255      0.026986
7        7    16384   51.255158          0.733333  0.743333      0.73  0.709333       0.737667      0.026783
8        8    22819   77.453654          0.733333     0.734  0.718667  0.708667       0.739583      0.029771
9        9    27824  103.430181          0.733333  0.725333  0.724667     0.708        0.73875      0.028127
10      10    30827  124.885461          0.733333  0.732667  0.716667     0.708       0.738167      0.023144
11      11    32192  142.252029              0.73  0.731333      0.72     0.708       0.730333      0.024495
12      12    32647  154.900397          0.733333  0.715333  0.708667  0.700667       0.732583      0.025816
13      13    32752  160.280006              0.73  0.731333  0.705333  0.696667       0.731833      0.028428
14      14    32767  161.839792              0.73  0.736667  0.718667  0.700667       0.723917      0.024264
15      15    32768  161.090248              0.73     0.722  0.720667  0.708667        0.72225      0.030614