K-ADDITIVITY ANALYSIS SUMMARY FOR pairwise_interaction_bias (shapley)
============================================================

Dataset: pairwise_interaction_bias
Representation: shapley
Number of attributes: 15
Number of samples: 1000

OPTIMAL K VALUES:
- Best k for accuracy: 2 (accuracy: 0.7333)
- Best k for noise robustness: 2 (accuracy at noise 0.3: 0.6847)
- Best k for stability: 7 (std dev: 0.0250)

FULL RESULTS TABLE:
   k_value n_params  train_time baseline_accuracy noise_0.05 noise_0.1 noise_0.2 noise_0.3 bootstrap_mean bootstrap_std
1        1       16         0.0               0.5   0.497333  0.484667  0.501333  0.494667       0.493333      0.032628
2        2      121    0.326407          0.733333      0.736  0.723333  0.723333  0.684667       0.734583      0.029146
3        3      576    1.523886          0.693333      0.688  0.682667  0.678667  0.671333       0.694333      0.025355
4        4     1941    5.114879          0.683333      0.688  0.694667  0.671333  0.665333           0.68       0.03182
5        5     4944   13.208328              0.66   0.662667      0.65  0.665333     0.646       0.659333       0.02701
6        6     9949   27.900346          0.656667       0.66  0.661333  0.650667  0.651333         0.6585       0.03008
7        7    16384   48.036476          0.646667   0.650667  0.653333     0.644  0.649333        0.65025      0.025033
8        8    22819   69.529817              0.64       0.65     0.658  0.644667     0.636       0.635833      0.034691
9        9    27824   89.727972          0.626667      0.638  0.650667  0.644667  0.632667       0.624583      0.032652
10      10    30827   109.15368          0.633333   0.640667  0.647333     0.648     0.646       0.632667      0.026827
11      11    32192    120.6187              0.63   0.631333      0.65      0.65  0.648667       0.629583       0.03217
12      12    32647  124.944549              0.63   0.631333  0.640667  0.655333  0.644667       0.635583      0.031038
13      13    32752  129.217483              0.63       0.64  0.650667  0.652667  0.641333       0.627667      0.027294
14      14    32767  128.628957              0.63       0.64      0.64  0.644667  0.650667         0.6325      0.032329
15      15    32768  156.331856              0.63      0.638      0.65  0.652667     0.644       0.634667      0.026107