K-ADDITIVITY ANALYSIS SUMMARY FOR pure_pairwise_interaction (game)
============================================================

Dataset: pure_pairwise_interaction
Representation: game
Number of attributes: 15
Number of samples: 1000

OPTIMAL K VALUES:
- Best k for accuracy: 15 (accuracy: 0.6000)
- Best k for noise robustness: 12 (accuracy at noise 0.3: 0.5887)
FULL RESULTS TABLE:
   k_value n_params train_time baseline_accuracy noise_0.05 noise_0.1 noise_0.2 noise_0.3
1        1       16   0.010167          0.496667   0.494667     0.506     0.506  0.504667
2        2      121   0.348293          0.503333   0.498667  0.505333       0.5  0.520667
3        3      576   1.575383          0.546667      0.536     0.524  0.503333  0.546667
4        4     1941   5.086247          0.506667   0.515333  0.514667  0.525333  0.516667
5        5     4944  13.360866              0.51   0.522667  0.513333  0.520667  0.512667
6        6     9949  27.255618          0.513333   0.502667      0.52  0.521333  0.528667
7        7    16384  45.109797          0.516667   0.505333  0.506667     0.538  0.525333
8        8    22819  63.693843              0.54   0.528667     0.538  0.531333  0.519333
9        9    27824  76.895536          0.563333       0.54  0.533333  0.554667     0.542
10      10    30827  83.652999              0.55       0.55     0.552  0.545333     0.552
11      11    32192  87.227244          0.553333      0.554     0.554  0.562667     0.548
12      12    32647  88.638405              0.59   0.583333  0.579333  0.571333  0.588667
13      13    32752  90.180271          0.586667      0.592  0.605333  0.586667  0.568667
14      14    32767  88.414479          0.583333   0.587333  0.570667  0.578667     0.568
15      15    32768  89.873442               0.6   0.587333      0.57     0.576  0.569333