K-ADDITIVITY ANALYSIS SUMMARY FOR pairwise_interaction (mobius)
============================================================

Dataset: pairwise_interaction
Representation: mobius
Number of attributes: 15
Number of samples: 1000

OPTIMAL K VALUES:
- Best k for accuracy: 3 (accuracy: 0.7067)
- Best k for noise robustness: 5 (accuracy at noise 0.3: 0.6767)
- Best k for stability: 2 (std dev: 0.0255)

FULL RESULTS TABLE:
   k_value n_params train_time baseline_accuracy noise_0.05 noise_0.1 noise_0.2 noise_0.3 bootstrap_mean bootstrap_std
1        1       16   0.002999          0.483333   0.484667  0.481333     0.504  0.502667       0.483833      0.035184
2        2      121     0.0226               0.7      0.688      0.68  0.673333  0.658667       0.700417      0.025512
3        3      576   0.131975          0.706667      0.704  0.700667     0.692     0.676       0.705583      0.027659
4        4     1941   0.524647          0.696667   0.689333  0.688667  0.687333     0.668       0.701083      0.026442
5        5     4944   1.558039          0.673333      0.672  0.656667  0.673333  0.676667        0.67125      0.034016
6        6     9949   3.450613          0.666667   0.658667  0.656667  0.652667  0.659333       0.664167      0.034055
7        7    16384   6.384934          0.646667      0.646     0.644  0.662667  0.633333        0.64375       0.02905
8        8    22819   9.409681              0.62      0.626  0.635333  0.647333      0.64        0.61825       0.03237
9        9    27824  11.501419          0.613333   0.628667  0.641333  0.648667     0.646        0.61925      0.027002
10      10    30827  13.528254              0.62   0.625333     0.636  0.630667      0.63        0.61925      0.034155
11      11    32192  14.350039          0.623333      0.634  0.636667  0.633333  0.626667       0.617917      0.032758
12      12    32647  14.502803          0.626667      0.634  0.641333  0.642667  0.622667       0.640917      0.026844
13      13    32752  14.293206          0.626667      0.624     0.632     0.638  0.628667       0.622667      0.029061
14      14    32767  15.092352          0.626667   0.620667      0.62  0.642667  0.629333       0.631083      0.029465
15      15    32768   15.35586          0.626667   0.626667  0.633333  0.634667  0.628667       0.625583      0.031765