K-ADDITIVITY ANALYSIS SUMMARY FOR pairwise_interaction_power2 (shapley)
============================================================

Dataset: pairwise_interaction_power2
Representation: shapley
Number of attributes: 15
Number of samples: 1000

OPTIMAL K VALUES:
- Best k for accuracy: 3 (accuracy: 0.5433)
- Best k for noise robustness: 3 (accuracy at noise 0.3: 0.5327)
- Best k for stability: 4 (std dev: 0.0270)

FULL RESULTS TABLE:
   k_value n_params  train_time baseline_accuracy noise_0.05 noise_0.1 noise_0.2 noise_0.3 bootstrap_mean bootstrap_std
1        1       16    0.001998          0.443333      0.446  0.445333     0.448  0.461333          0.436      0.027673
2        2      121    0.160967          0.503333   0.497333  0.508667  0.508667  0.500667        0.50475      0.029581
3        3      576    1.513615          0.543333   0.532667  0.519333     0.528  0.532667       0.538833      0.035828
4        4     1941    5.055848          0.526667   0.507333  0.521333  0.513333  0.486667       0.527417      0.027004
5        5     4944   13.251084              0.53   0.523333  0.526667     0.484  0.528667          0.525      0.029838
6        6     9949   27.557692          0.533333   0.531333  0.516667  0.516667  0.499333        0.53025      0.030102
7        7    16384   48.236815          0.516667      0.508     0.504  0.507333  0.514667       0.518667      0.036603
8        8    22819    70.40847          0.503333   0.514667  0.508667  0.507333  0.513333        0.51575      0.031899
9        9    27824   91.334575               0.5   0.511333     0.512  0.493333  0.507333       0.497667      0.035071
10      10    30827  111.685068          0.503333   0.503333  0.515333  0.508667  0.498667          0.495      0.032296
11      11    32192  127.182322               0.5       0.51  0.511333     0.504  0.513333       0.511917      0.031634
12      12    32647  127.510317               0.5   0.512667  0.512667      0.49  0.508667       0.497667      0.032212
13      13    32752  135.790275               0.5      0.516  0.510667     0.492  0.497333       0.497083      0.030496
14      14    32767  133.836445               0.5       0.51      0.51     0.494     0.494          0.506      0.031646
15      15    32768  162.310639               0.5   0.508667  0.503333  0.501333  0.495333       0.496333      0.033939