K-ADDITIVITY ANALYSIS SUMMARY FOR pure_pairwise_interaction (shapley)
============================================================

Dataset: pure_pairwise_interaction
Representation: shapley
Number of attributes: 15
Number of samples: 1000

OPTIMAL K VALUES:
- Best k for accuracy: 4 (accuracy: 0.7267)
- Best k for noise robustness: 4 (accuracy at noise 0.3: 0.7100, std: 0.0135)
- Best k for stability: 11 (std dev: 0.0224)

FULL RESULTS TABLE:
   k_value n_params  train_time baseline_accuracy noise_0.1 noise_0.2 noise_0.3 noise_0.1_std noise_0.2_std noise_0.3_std bootstrap_mean bootstrap_std
1        1       16    0.001174          0.496667     0.482      0.49     0.486      0.004989      0.008692      0.006799         0.4935      0.032873
2        2      121    0.003011              0.71     0.706  0.688667  0.687333      0.010414      0.011274      0.013888        0.71175      0.027408
3        3      576    0.023311              0.72  0.703333  0.692667     0.686      0.008165      0.009043      0.012365       0.716167      0.029055
4        4     1941    0.127698          0.726667  0.731333     0.714      0.71       0.01392      0.006799      0.013499       0.724583      0.027326
5        5     4944    0.584503          0.713333  0.716667  0.706667  0.696667       0.01075      0.008692       0.02357       0.720083      0.026793
6        6     9949    2.021708          0.716667     0.714  0.696667  0.702667      0.005333      0.019437      0.010832       0.715083       0.02455
7        7    16384    5.921854          0.713333  0.708667  0.704667  0.680667      0.009092      0.010456      0.009522          0.715      0.030856
8        8    22819   14.273717          0.706667  0.703333     0.692  0.672667      0.016465      0.018451      0.005735       0.712667      0.027144
9        9    27824   27.147194          0.703333  0.691333     0.704  0.675333      0.009092      0.005735      0.013597       0.705833      0.026497
10      10    30827   42.621815          0.703333       0.7  0.689333  0.686667      0.007303      0.011035      0.014453        0.70725      0.027155
11      11    32192   57.188395          0.703333  0.689333  0.689333  0.674667      0.007424      0.009286      0.008589       0.704167      0.022423
12      12    32647   65.918106          0.706667  0.690667  0.687333     0.672      0.011235      0.008273      0.020177       0.706333      0.025634
13      13    32752   93.526045          0.706667  0.696667      0.68     0.678      0.007303      0.006667      0.009568       0.705583      0.028645
14      14    32767   74.090586          0.706667  0.706667  0.691333  0.676667      0.018619      0.012754      0.024676         0.7025      0.027195
15      15    32768  105.800152          0.706667     0.694  0.693333  0.682667      0.006799      0.010954      0.026111       0.699417      0.030912