K-ADDITIVITY ANALYSIS SUMMARY FOR pure_pairwise_interaction (shapley)
============================================================

Dataset: pure_pairwise_interaction
Representation: shapley
Number of attributes: 15
Number of samples: 1000

OPTIMAL K VALUES:
- Best k for accuracy: 4 (accuracy: 0.7267)
- Best k for noise robustness: 5 (accuracy at noise 0.3: 0.7067)
FULL RESULTS TABLE:
   k_value n_params train_time baseline_accuracy noise_0.05 noise_0.1 noise_0.2 noise_0.3
1        1       16   0.001004          0.496667   0.496667     0.492      0.49  0.481333
2        2      121      0.003              0.71      0.712      0.71  0.697333  0.696667
3        3      576   0.025062              0.72   0.715333     0.702  0.680667     0.682
4        4     1941   0.113871          0.726667      0.734  0.741333      0.73  0.702667
5        5     4944   0.577889          0.713333       0.72  0.710667  0.695333  0.706667
6        6     9949   2.052747          0.716667   0.718667  0.716667  0.708667  0.676667
7        7    16384   6.082732          0.713333       0.71     0.698  0.705333     0.684
8        8    22819  13.790796          0.706667   0.697333     0.702  0.681333  0.683333
9        9    27824  26.772295          0.703333   0.695333  0.693333  0.701333  0.679333
10      10    30827  43.139827          0.703333   0.696667  0.698667     0.684  0.694667
11      11    32192  59.105701          0.703333   0.689333     0.694       0.7  0.679333
12      12    32647  68.652433          0.706667      0.694      0.69      0.68     0.696
13      13    32752  73.914028          0.706667   0.703333  0.703333  0.697333  0.663333
14      14    32767  74.778852          0.706667      0.694  0.686667  0.693333  0.666667
15      15    32768  73.352461          0.706667   0.689333  0.691333     0.688  0.670667