K-ADDITIVITY ANALYSIS SUMMARY FOR pairwise_interaction_tanh (mobius)
============================================================

Dataset: pairwise_interaction_tanh
Representation: mobius
Number of attributes: 15
Number of samples: 1000

OPTIMAL K VALUES:
- Best k for accuracy: 3 (accuracy: 0.7500)
- Best k for noise robustness: 2 (accuracy at noise 0.3: 0.7433)
- Best k for stability: 7 (std dev: 0.0240)

FULL RESULTS TABLE:
   k_value n_params  train_time baseline_accuracy noise_0.05 noise_0.1 noise_0.2 noise_0.3 bootstrap_mean bootstrap_std
1        1       16    0.002999              0.51   0.514667  0.517333      0.51     0.504           0.51       0.02865
2        2      121    0.354634          0.746667   0.751333     0.758     0.734  0.743333        0.74725       0.03003
3        3      576    1.605819              0.75   0.744667  0.749333  0.736667  0.699333       0.747083      0.028907
4        4     1941    5.477627              0.73   0.735333  0.727333     0.714  0.683333       0.730667      0.026349
5        5     4944    14.24765          0.736667   0.730667  0.727333  0.719333  0.696667       0.736167      0.026685
6        6     9949   29.229648          0.716667       0.72  0.719333  0.702667  0.693333       0.719167      0.027029
7        7    16384   49.180172          0.733333   0.724667  0.721333  0.701333  0.678667       0.735417      0.023997
8        8    22819   76.509873              0.73      0.728  0.719333  0.695333  0.696667        0.72875      0.025607
9        9    27824   91.400664          0.733333   0.733333     0.726  0.703333  0.685333       0.736667       0.03221
10      10    30827  155.860948          0.726667   0.726667     0.724  0.683333  0.676667        0.73475      0.031706
11      11    32192   220.54931          0.726667   0.726667     0.712  0.706667      0.68       0.723333      0.032457
12      12    32647   223.43732          0.726667   0.719333  0.719333  0.694667     0.674       0.728417      0.029222
13      13    32752  223.993187          0.726667   0.726667     0.734  0.705333  0.684667          0.734      0.030074
14      14    32767  225.247983          0.726667   0.722667  0.713333  0.694667  0.697333         0.7255      0.033775
15      15    32768  224.714365          0.726667   0.728667  0.714667      0.71  0.676667       0.725417      0.025917