K-ADDITIVITY ANALYSIS SUMMARY FOR pairwise_interaction_scaled (shapley)
============================================================

Dataset: pairwise_interaction_scaled
Representation: shapley
Number of attributes: 15
Number of samples: 1000

OPTIMAL K VALUES:
- Best k for accuracy: 2 (accuracy: 0.7333)
- Best k for noise robustness: 2 (accuracy at noise 0.3: 0.7047)
- Best k for stability: 4 (std dev: 0.0235)

FULL RESULTS TABLE:
   k_value n_params  train_time baseline_accuracy noise_0.05 noise_0.1 noise_0.2 noise_0.3 bootstrap_mean bootstrap_std
1        1       16    0.001311               0.5   0.499333  0.492667  0.496667     0.508       0.504833      0.029993
2        2      121    0.352794          0.733333   0.731333     0.734  0.719333  0.704667         0.7295      0.027142
3        3      576    1.626432          0.693333   0.687333     0.682  0.661333     0.668       0.695167      0.031867
4        4     1941     5.47307          0.683333   0.688667  0.682667  0.663333  0.691333       0.684917       0.02345
5        5     4944    13.74682              0.66      0.662  0.658667  0.663333  0.660667       0.655833      0.028928
6        6     9949   28.546607          0.656667   0.656667     0.658  0.665333  0.652667        0.66125       0.03135
7        7    16384   49.856449          0.646667   0.646667  0.652667  0.654667     0.654        0.64875      0.031582
8        8    22819  182.973225              0.64   0.648667  0.645333  0.650667     0.634         0.6405      0.029463
9        9    27824   93.875209          0.626667      0.644     0.644  0.652667      0.64        0.62075      0.026647
10      10    30827  113.677438          0.633333   0.637333  0.646667  0.641333  0.642667        0.63925      0.028113
11      11    32192  120.626373              0.63      0.636     0.638     0.644  0.628667       0.625667      0.031605
12      12    32647  129.356215              0.63   0.636667  0.640667     0.648  0.637333         0.6255      0.032163
13      13    32752  133.654119              0.63      0.634      0.65     0.646  0.649333         0.6315      0.030152
14      14    32767  128.168005              0.63   0.640667     0.642      0.65  0.631333       0.634667       0.02612
15      15    32768  152.156588              0.63      0.632     0.654  0.652667  0.647333       0.633667       0.02952