K-ADDITIVITY ANALYSIS SUMMARY FOR pure_pairwise_interaction (shapley)
============================================================

Dataset: pure_pairwise_interaction
Representation: shapley
Number of attributes: 15
Number of samples: 1000

OPTIMAL K VALUES:
- Best k for accuracy: 2 (accuracy: 0.7400)
- Best k for noise robustness: 10 (accuracy at noise 0.3: 0.7373)
FULL RESULTS TABLE:
   k_value n_params  train_time baseline_accuracy noise_0.05 noise_0.1 noise_0.2 noise_0.3
1        1       16    0.009889              0.49   0.488667  0.488667  0.490667     0.486
2        2      121    0.065956              0.74      0.744     0.746  0.739333  0.733333
3        3      576    1.179279          0.736667      0.748  0.738667  0.734667  0.720667
4        4     1941    4.488772          0.736667      0.748     0.738  0.737333  0.722667
5        5     4944   18.218005          0.733333   0.741333  0.741333  0.739333     0.714
6        6     9949   37.553371              0.73       0.74  0.737333     0.734  0.715333
7        7    16384   64.178406          0.723333   0.737333     0.734     0.742  0.721333
8        8    22819   94.871276          0.723333   0.730667     0.736     0.714     0.726
9        9    27824  181.469189              0.73   0.732667  0.739333  0.732667  0.715333
10      10    30827  218.726112              0.73      0.728  0.742667     0.732  0.737333
11      11    32192  171.808856              0.73   0.732667      0.73  0.730667     0.712
12      12    32647   183.71207          0.726667   0.737333  0.738667     0.728  0.717333
13      13    32752  189.261371          0.726667   0.739333  0.731333  0.738667  0.709333
14      14    32767  190.846116          0.726667   0.730667      0.74  0.741333  0.726667
15      15    32768  190.463694          0.726667   0.738667  0.733333  0.735333  0.702667