K-ADDITIVITY ANALYSIS SUMMARY FOR pairwise_interaction_bias (shapley)
============================================================

Dataset: pairwise_interaction_bias
Representation: shapley
Number of attributes: 15
Number of samples: 1000

OPTIMAL K VALUES:
- Best k for accuracy: 4 (accuracy: 0.6733)
- Best k for noise robustness: 6 (accuracy at noise 0.3: 0.6480)
- Best k for stability: 4 (std dev: 0.0246)

FULL RESULTS TABLE:
   k_value n_params train_time baseline_accuracy noise_0.05 noise_0.1 noise_0.2 noise_0.3 bootstrap_mean bootstrap_std
1        1       16   0.001507          0.483333   0.488667  0.485333  0.493333  0.502667       0.492667      0.027871
2        2      121   0.005768              0.65   0.658667  0.661333     0.654  0.641333        0.64725      0.024897
3        3      576   0.028774              0.67      0.666  0.666667  0.653333     0.636       0.669667      0.027285
4        4     1941   0.130837          0.673333       0.66  0.663333  0.647333     0.646        0.67725      0.024583
5        5     4944   0.464422              0.65      0.656  0.648667      0.64  0.646667       0.642417      0.030112
6        6     9949   1.475333          0.653333       0.65  0.650667      0.64     0.648       0.651583       0.03237
7        7    16384   5.051692          0.633333      0.638  0.646667  0.633333     0.638       0.632417      0.028775
8        8    22819   9.037609              0.63   0.644667  0.640667  0.642667     0.632       0.633417      0.028425
9        9    27824  16.215419          0.626667   0.639333  0.643333     0.632  0.632667        0.62825      0.034382
10      10    30827  27.014256              0.63   0.632667     0.638     0.634  0.622667        0.63625      0.026513
11      11    32192   35.53007          0.633333      0.638  0.636667     0.622  0.635333       0.632667      0.030166
12      12    32647  38.011692          0.633333      0.638  0.628667  0.629333  0.634667       0.628417      0.031199
13      13    32752  42.915842          0.633333   0.632667  0.641333     0.632  0.633333       0.639583       0.03036
14      14    32767  40.641505          0.633333   0.634667  0.630667  0.638667  0.634667           0.63      0.032189
15      15    32768  69.797271          0.633333   0.645333  0.635333  0.645333  0.620667       0.635417      0.034863