K-ADDITIVITY ANALYSIS SUMMARY FOR pairwise_interaction_bias (game)
============================================================

Dataset: pairwise_interaction_bias
Representation: game
Number of attributes: 15
Number of samples: 1000

OPTIMAL K VALUES:
- Best k for accuracy: 14 (accuracy: 0.4500)
- Best k for noise robustness: 14 (accuracy at noise 0.3: 0.4533)
- Best k for stability: 13 (std dev: 0.0261)

FULL RESULTS TABLE:
   k_value n_params train_time baseline_accuracy noise_0.05 noise_0.1 noise_0.2 noise_0.3 bootstrap_mean bootstrap_std
1        1       16   0.014058          0.433333   0.433333  0.435333  0.440667  0.439333       0.433833      0.027559
2        2      121   0.014614              0.43   0.433333     0.434  0.438667     0.444          0.432      0.026789
3        3      576   0.019189              0.43   0.430667  0.433333  0.435333     0.436        0.42975      0.032296
4        4     1941   0.030189              0.43   0.432667     0.432  0.434667     0.444       0.426583      0.031644
5        5     4944   0.056839              0.43   0.432667  0.431333  0.434667     0.434       0.427917       0.02667
6        6     9949   0.091455              0.43      0.432     0.434  0.432667     0.436       0.434583      0.029336
7        7    16384   0.146904              0.43   0.430667  0.434667  0.434667  0.439333        0.43425      0.032949
8        8    22819   0.205693              0.43       0.43      0.43  0.444667  0.436667       0.441583      0.034636
9        9    27824   0.255051              0.43   0.430667     0.432  0.436667  0.438667       0.429667      0.032963
10      10    30827   0.285671              0.43   0.432667     0.434  0.437333     0.436        0.42575      0.035175
11      11    32192   0.280889              0.43   0.430667     0.434     0.436  0.436667         0.4315      0.030666
12      12    32647   0.288605              0.43      0.432  0.434667  0.434667  0.441333       0.434917      0.030832
13      13    32752    0.29069              0.43   0.433333  0.436667     0.434      0.44          0.431      0.026076
14      14    32767   0.327275              0.45   0.451333     0.454     0.452  0.453333       0.445417      0.027135
15      15    32768   0.316799              0.43   0.434667     0.438  0.439333  0.442667       0.433167        0.0356