K-ADDITIVITY ANALYSIS SUMMARY FOR pure_pairwise_interaction (mobius)
============================================================

Dataset: pure_pairwise_interaction
Representation: mobius
Number of attributes: 15
Number of samples: 1000

OPTIMAL K VALUES:
- Best k for accuracy: 3 (accuracy: 0.7600)
- Best k for noise robustness: 3 (accuracy at noise 0.3: 0.7287)
FULL RESULTS TABLE:
   k_value n_params train_time baseline_accuracy noise_0.05 noise_0.1 noise_0.2 noise_0.3
1        1       16   0.002004          0.496667      0.494  0.486667  0.483333     0.482
2        2      121   0.002998          0.713333       0.72  0.715333  0.706667  0.689333
3        3      576      0.021              0.76   0.752667     0.746     0.718  0.728667
4        4     1941   0.064902          0.743333      0.734  0.731333     0.726     0.722
5        5     4944   0.212302          0.733333      0.726  0.721333      0.72     0.708
6        6     9949   0.487213          0.716667   0.715333     0.718      0.71  0.696667
7        7    16384   0.954812          0.716667   0.707333  0.709333  0.696667     0.686
8        8    22819   1.664251          0.696667      0.708  0.701333  0.694667  0.682667
9        9    27824   1.688246          0.703333   0.699333       0.7     0.686  0.672667
10      10    30827   2.110839               0.7      0.708     0.704  0.689333  0.678667
11      11    32192   2.273929          0.703333   0.698667  0.711333     0.676      0.67
12      12    32647     1.9253          0.703333   0.706667       0.7     0.688     0.674
13      13    32752    2.21666          0.706667   0.704667  0.710667  0.694667  0.689333
14      14    32767   2.184541          0.706667   0.700667  0.715333      0.69     0.684
15      15    32768   2.212966          0.706667      0.698     0.708  0.676667     0.696