K-ADDITIVITY ANALYSIS SUMMARY FOR triplet_interaction (game)
============================================================

Dataset: triplet_interaction
Representation: game
Number of attributes: 15
Number of samples: 1000

OPTIMAL K VALUES:
- Best k for accuracy: 12 (accuracy: 0.5167)
- Best k for noise robustness: 12 (accuracy at noise 0.3: 0.5367)
FULL RESULTS TABLE:
   k_value n_params train_time baseline_accuracy noise_0.05 noise_0.1 noise_0.2 noise_0.3
1        1       16   0.015128              0.49      0.482      0.48     0.486  0.498667
2        2      121   0.344399          0.503333   0.507333     0.498  0.487333  0.496667
3        3      576   1.535063          0.486667   0.492667  0.487333     0.504  0.487333
4        4     1941   5.114908              0.44      0.438  0.465333  0.476667  0.479333
5        5     4944  13.439544              0.45   0.455333  0.464667  0.481333  0.505333
6        6     9949  26.784641              0.45      0.464     0.478  0.489333  0.485333
7        7    16384  44.425414          0.446667   0.469333  0.475333  0.495333  0.493333
8        8    22819  61.426218              0.48   0.498667  0.495333  0.519333  0.523333
9        9    27824  75.928513              0.48      0.472     0.504  0.504667  0.511333
10      10    30827  83.085293          0.493333      0.486  0.503333  0.522667     0.516
11      11    32192  88.410748          0.496667        0.5  0.508667     0.524  0.505333
12      12    32647  90.132581          0.516667      0.508  0.510667     0.508  0.536667
13      13    32752  88.781112          0.486667      0.496     0.516     0.518  0.510667
14      14    32767  89.107034          0.493333   0.490667  0.509333  0.503333  0.500667
15      15    32768  91.344455          0.493333   0.500667  0.511333  0.509333  0.508667