K-ADDITIVITY ANALYSIS SUMMARY FOR triplet_interaction (mobius)
============================================================

Dataset: triplet_interaction
Representation: mobius
Number of attributes: 15
Number of samples: 1000

OPTIMAL K VALUES:
- Best k for accuracy: 4 (accuracy: 0.5767)
- Best k for noise robustness: 3 (accuracy at noise 0.3: 0.5847)
FULL RESULTS TABLE:
   k_value n_params train_time baseline_accuracy noise_0.05 noise_0.1 noise_0.2 noise_0.3
1        1       16      0.002          0.523333   0.518667  0.517333  0.520667  0.523333
2        2      121   0.257705          0.496667   0.483333  0.492667  0.498667  0.496667
3        3      576   1.724118          0.556667      0.564      0.57  0.559333  0.584667
4        4     1941    5.12262          0.576667   0.562667  0.553333     0.562  0.567333
5        5     4944   13.22214              0.54      0.542  0.546667  0.535333     0.544
6        6     9949  27.633299          0.536667      0.536  0.543333     0.538  0.533333
7        7    16384  45.628334              0.55      0.532  0.529333  0.531333  0.523333
8        8    22819  63.452695              0.54       0.54  0.538667  0.530667  0.534667
9        9    27824  77.368807          0.536667   0.535333  0.543333  0.526667  0.527333
10      10    30827  85.959684          0.546667   0.538667  0.528667  0.532667  0.541333
11      11    32192  88.898574          0.546667   0.542667  0.537333  0.541333     0.538
12      12    32647  90.347179              0.55   0.540667  0.547333  0.525333     0.536
13      13    32752  89.799484              0.55       0.54  0.527333  0.539333      0.53
14      14    32767  90.893592              0.55   0.540667  0.541333  0.529333  0.527333
15      15    32768  91.611585              0.55   0.541333  0.540667  0.527333  0.539333