K-ADDITIVITY ANALYSIS SUMMARY FOR triplet_interaction (shapley)
============================================================

Dataset: triplet_interaction
Representation: shapley
Number of attributes: 15
Number of samples: 1000

OPTIMAL K VALUES:
- Best k for accuracy: 3 (accuracy: 0.6167)
- Best k for noise robustness: 3 (accuracy at noise 0.3: 0.5933)
FULL RESULTS TABLE:
   k_value n_params  train_time baseline_accuracy noise_0.05 noise_0.1 noise_0.2 noise_0.3
1        1       16    0.015736          0.523333   0.518667  0.517333  0.520667  0.523333
2        2      121    0.063186          0.496667   0.483333  0.493333  0.498667  0.496667
3        3      576    1.516632          0.616667   0.609333  0.598667  0.595333  0.593333
4        4     1941    5.289467          0.596667   0.586667  0.572667  0.592667     0.584
5        5     4944   13.585605          0.563333   0.570667     0.578  0.556667  0.573333
6        6     9949   29.013097          0.556667      0.564  0.571333  0.584667     0.576
7        7    16384   50.304275          0.546667   0.546667  0.561333  0.561333     0.554
8        8    22819   77.116452              0.55   0.553333     0.552     0.566  0.576667
9        9    27824    102.3664          0.546667   0.546667  0.551333  0.551333  0.565333
10      10    30827  127.419308              0.54   0.544667  0.554667     0.564  0.549333
11      11    32192  144.693038          0.546667   0.537333  0.556667  0.555333  0.560667
12      12    32647  156.365722          0.546667   0.547333  0.559333     0.544  0.559333
13      13    32752  161.927213          0.546667      0.542  0.560667  0.565333  0.563333
14      14    32767  162.797203          0.546667   0.544667  0.555333  0.550667  0.574667
15      15    32768  163.988409          0.546667   0.541333  0.557333  0.560667     0.572