K-ADDITIVITY ANALYSIS SUMMARY FOR pairwise_interaction_clipped (game)
============================================================

Dataset: pairwise_interaction_clipped
Representation: game
Number of attributes: 15
Number of samples: 1000

OPTIMAL K VALUES:
- Best k for accuracy: 8 (accuracy: 0.5433)
- Best k for noise robustness: 8 (accuracy at noise 0.3: 0.5527)
- Best k for stability: 9 (std dev: 0.0265)

FULL RESULTS TABLE:
   k_value n_params train_time baseline_accuracy noise_0.05 noise_0.1 noise_0.2 noise_0.3 bootstrap_mean bootstrap_std
1        1       16   0.075159              0.46      0.518  0.513333     0.506  0.517333        0.45625      0.032471
2        2      121   0.350245          0.483333   0.499333  0.513333  0.514667  0.515333       0.485167      0.029323
3        3      576   1.558999          0.503333   0.503333  0.523333  0.511333  0.510667        0.49975      0.031374
4        4     1941   5.165389          0.486667   0.502667  0.516667  0.509333  0.531333       0.493667      0.034633
5        5     4944   13.34243          0.493333      0.502     0.524     0.514      0.52       0.482417      0.030735
6        6     9949  26.957738              0.53   0.536667  0.537333     0.552  0.530667         0.5245      0.033836
7        7    16384  44.234662          0.533333   0.542667      0.54     0.542  0.538667       0.529333      0.036723
8        8    22819  61.568669          0.543333      0.548  0.548667  0.555333  0.552667       0.544583       0.03525
9        9    27824  75.676107              0.47   0.477333     0.484  0.502667  0.491333        0.46275      0.026476
10      10    30827  84.178989          0.473333   0.477333     0.478  0.511333  0.512667        0.47125      0.033657
11      11    32192   87.94204              0.47   0.468667  0.478667  0.477333  0.496667       0.467167      0.033918
12      12    32647  90.891207              0.47      0.474     0.474  0.484667  0.486667       0.462333      0.031512
13      13    32752  91.472517              0.47   0.470667     0.464  0.497333     0.516       0.470083      0.029973
14      14    32767  91.472573              0.47   0.468667  0.473333     0.498  0.501333       0.465667       0.03187
15      15    32768  91.090675              0.47      0.478  0.482667     0.486     0.508         0.4655      0.031777