K-ADDITIVITY ANALYSIS SUMMARY FOR pairwise_interaction_threshold (mobius)
============================================================

Dataset: pairwise_interaction_threshold
Representation: mobius
Number of attributes: 15
Number of samples: 1000

OPTIMAL K VALUES:
- Best k for accuracy: 2 (accuracy: 0.6767)
- Best k for noise robustness: 3 (accuracy at noise 0.3: 0.6100)
- Best k for stability: 10 (std dev: 0.0231)

FULL RESULTS TABLE:
   k_value n_params  train_time baseline_accuracy noise_0.05 noise_0.1 noise_0.2 noise_0.3 bootstrap_mean bootstrap_std
1        1       16    0.005999          0.476667      0.482  0.485333      0.48      0.49        0.47325      0.031181
2        2      121    0.618011          0.676667   0.666667  0.661333  0.632667  0.604667       0.670333      0.028194
3        3      576    3.811013              0.65   0.652667     0.638  0.623333      0.61       0.654333      0.027182
4        4     1941   12.641441          0.646667   0.644667  0.637333  0.612667  0.585333       0.647333      0.030101
5        5     4944   32.636805              0.65   0.637333  0.619333  0.565333  0.543333       0.653583      0.028198
6        6     9949   66.453096          0.656667      0.628     0.572  0.520667  0.506667       0.653083      0.032057
7        7    16384  110.542747          0.663333   0.607333  0.548667  0.501333  0.475333       0.660667       0.02646
8        8    22819    154.3393              0.66   0.602667  0.541333     0.482  0.472667       0.660583      0.026954
9        9    27824   190.12731          0.656667      0.586  0.531333      0.48      0.46       0.655167      0.031837
10      10    30827  210.826707          0.656667       0.58  0.523333  0.482667  0.464667          0.652      0.023068
11      11    32192  221.511976          0.656667       0.58  0.534667  0.485333  0.460667          0.653      0.025359
12      12    32647  223.848614          0.656667      0.584     0.536  0.490667      0.46       0.654917      0.028021
13      13    32752  224.904932          0.656667   0.585333  0.525333  0.485333  0.460667       0.654583      0.033148
14      14    32767  225.769489          0.656667   0.588667  0.522667     0.474  0.450667          0.656      0.029863
15      15    32768  226.166473          0.656667   0.582667  0.527333  0.470667  0.461333       0.654167      0.025954