K-ADDITIVITY ANALYSIS SUMMARY FOR pairwise_interaction_noisy (game)
============================================================

Dataset: pairwise_interaction_noisy
Representation: game
Number of attributes: 15
Number of samples: 1000

OPTIMAL K VALUES:
- Best k for accuracy: 9 (accuracy: 0.5400)
- Best k for noise robustness: 1 (accuracy at noise 0.3: 0.5433)
- Best k for stability: 13 (std dev: 0.0272)

FULL RESULTS TABLE:
   k_value n_params  train_time baseline_accuracy noise_0.05 noise_0.1 noise_0.2 noise_0.3 bootstrap_mean bootstrap_std
1        1       16  108.032259          0.526667      0.548      0.55  0.550667  0.543333        0.52975      0.027399
2        2      121  106.576464              0.52   0.515333  0.526667  0.537333     0.534       0.514583      0.030802
3        3      576  108.971889          0.513333   0.519333  0.525333  0.505333  0.515333       0.516833       0.02986
4        4     1941  115.942556              0.52   0.525333  0.500667  0.528667  0.519333        0.51625      0.030926
5        5     4944  120.574682          0.536667      0.518  0.507333  0.535333  0.516667       0.533667      0.029355
6        6     9949  119.158033              0.52   0.524667     0.508  0.512667     0.522       0.520417      0.031757
7        7    16384  117.985289          0.523333      0.518     0.512     0.526  0.515333          0.521      0.033333
8        8    22819  118.162012              0.52      0.526     0.522      0.52      0.52       0.518917      0.037613
9        9    27824  118.537169              0.54   0.527333  0.531333  0.515333  0.514667       0.549167      0.029011
10      10    30827  118.516689          0.533333      0.538     0.524  0.524667  0.542667       0.536333      0.032564
11      11    32192  117.098278              0.53       0.53  0.527333  0.527333     0.522       0.531417      0.033677
12      12    32647   116.93001          0.526667      0.528     0.526  0.518667     0.528       0.524417      0.029814
13      13    32752  119.629213          0.526667   0.527333  0.521333  0.537333  0.528667       0.532083      0.027211
14      14    32767  120.203724          0.526667      0.526  0.526667      0.52      0.52       0.527583      0.032691
15      15    32768  117.982736          0.526667   0.530667  0.522667     0.518  0.531333         0.5235      0.034928