K-ADDITIVITY ANALYSIS SUMMARY FOR pairwise_interaction_scaled (mobius)
============================================================

Dataset: pairwise_interaction_scaled
Representation: mobius
Number of attributes: 15
Number of samples: 1000

OPTIMAL K VALUES:
- Best k for accuracy: 2 (accuracy: 0.7233)
- Best k for noise robustness: 2 (accuracy at noise 0.3: 0.7093)
- Best k for stability: 6 (std dev: 0.0222)

FULL RESULTS TABLE:
   k_value n_params  train_time baseline_accuracy noise_0.05 noise_0.1 noise_0.2 noise_0.3 bootstrap_mean bootstrap_std
1        1       16    0.002999               0.5   0.492667     0.496  0.513333     0.516          0.502      0.038408
2        2      121    0.351374          0.723333   0.722667  0.718667      0.72  0.709333       0.721333      0.024161
3        3      576    1.645674              0.72      0.722     0.716  0.706667  0.695333        0.71725      0.033145
4        4     1941    5.586329          0.676667      0.678      0.68  0.679333  0.675333       0.673833      0.027839
5        5     4944   14.889357              0.67   0.666667  0.670667      0.68     0.676       0.665333      0.028117
6        6     9949   29.828483          0.663333   0.653333  0.651333  0.664667     0.652       0.667833      0.022221
7        7    16384   50.124496              0.64      0.648  0.649333     0.652     0.646       0.642333      0.026092
8        8    22819   69.333105              0.63      0.642  0.643333  0.644667  0.633333         0.6395      0.030245
9        9    27824    86.38043              0.63      0.626  0.638667  0.634667  0.633333       0.624583      0.029887
10      10    30827   95.909282          0.626667      0.624     0.628     0.636  0.636667       0.618667      0.034311
11      11    32192  241.354738          0.626667      0.626  0.617333  0.620667  0.621333        0.62325      0.030722
12      12    32647  225.169024          0.623333      0.624  0.630667  0.649333     0.628       0.618583      0.035012
13      13    32752  102.510014          0.623333   0.622667  0.637333     0.626  0.629333       0.627083      0.024808
14      14    32767  101.721538          0.623333   0.625333  0.634667     0.632     0.632       0.623583      0.027884
15      15    32768  102.154522          0.623333      0.624  0.625333  0.634667  0.630667       0.625167      0.027537