K-ADDITIVITY ANALYSIS SUMMARY FOR pure_pairwise_interaction (mobius)
============================================================

Dataset: pure_pairwise_interaction
Representation: mobius
Number of attributes: 15
Number of samples: 1000

OPTIMAL K VALUES:
- Best k for accuracy: 3 (accuracy: 0.7533)
- Best k for noise robustness: 3 (accuracy at noise 0.3: 0.7293)
FULL RESULTS TABLE:
   k_value n_params  train_time baseline_accuracy noise_0.05 noise_0.1 noise_0.2 noise_0.3
1        1       16    0.003003              0.49   0.489333  0.490667     0.492  0.480667
2        2      121    0.210752          0.746667   0.749333  0.738667  0.729333  0.723333
3        3      576    2.315837          0.753333      0.764     0.762  0.740667  0.729333
4        4     1941    7.254122          0.726667   0.731333  0.722667  0.715333     0.704
5        5     4944   19.141875          0.696667      0.704  0.692667  0.694667  0.676667
6        6     9949   39.387991          0.673333      0.676  0.668667  0.670667      0.66
7        7    16384   65.016539          0.663333   0.660667  0.659333      0.65     0.652
8        8    22819   90.673096          0.653333   0.656667  0.649333     0.646     0.644
9        9    27824   110.72765          0.653333   0.643333     0.642     0.638  0.624667
10      10    30827  122.994662          0.646667      0.642      0.63  0.638667  0.629333
11      11    32192  127.706662          0.646667   0.643333      0.64      0.64     0.628
12      12    32647  129.352071          0.646667   0.637333  0.639333  0.623333  0.616667
13      13    32752  129.248021          0.646667   0.643333     0.642  0.645333  0.623333
14      14    32767  129.612954          0.646667      0.642      0.63  0.643333  0.628667
15      15    32768  130.494598          0.646667      0.638  0.637333     0.638  0.630667