K-ADDITIVITY ANALYSIS SUMMARY FOR pairwise_interaction_tanh (game)
============================================================

Dataset: pairwise_interaction_tanh
Representation: game
Number of attributes: 15
Number of samples: 1000

OPTIMAL K VALUES:
- Best k for accuracy: 10 (accuracy: 0.5533)
- Best k for noise robustness: 14 (accuracy at noise 0.3: 0.5573)
- Best k for stability: 15 (std dev: 0.0277)

FULL RESULTS TABLE:
   k_value n_params train_time baseline_accuracy noise_0.05 noise_0.1 noise_0.2 noise_0.3 bootstrap_mean bootstrap_std
1        1       16   0.078782          0.503333   0.504667  0.507333  0.491333     0.508         0.5065      0.033625
2        2      121   0.354126              0.49   0.498667     0.496  0.494667     0.496        0.48575      0.028493
3        3      576   1.521256          0.526667   0.523333     0.536  0.529333      0.52       0.523083      0.032853
4        4     1941     5.2797              0.53      0.528  0.492667  0.502667  0.510667       0.527083      0.028214
5        5     4944  13.623828              0.52   0.508667  0.524667  0.500667     0.502         0.5185      0.032405
6        6     9949  27.168842              0.51   0.515333  0.511333  0.510667     0.498       0.510167      0.030359
7        7    16384  45.422364              0.54   0.523333  0.513333  0.539333  0.512667       0.534167      0.030664
8        8    22819  62.479629          0.546667   0.551333     0.556  0.521333  0.535333       0.538833      0.031163
9        9    27824   77.16785          0.543333   0.545333     0.534  0.540667  0.520667        0.55125      0.030279
10      10    30827  85.457524          0.553333      0.546  0.565333  0.522667  0.541333         0.5425      0.030675
11      11    32192   87.39007              0.54      0.542      0.54  0.548667  0.542667       0.540667       0.03717
12      12    32647  91.157059          0.533333      0.554  0.552667      0.57     0.552        0.53025      0.035734
13      13    32752  91.665612              0.55   0.563333  0.552667     0.554     0.534       0.550167      0.031013
14      14    32767  90.566824          0.546667      0.568  0.560667  0.561333  0.557333         0.5395      0.029724
15      15    32768  97.766447              0.55   0.551333      0.55     0.532  0.518667       0.554583      0.027717