K-ADDITIVITY ANALYSIS SUMMARY FOR pairwise_interaction_threshold (game)
============================================================

Dataset: pairwise_interaction_threshold
Representation: game
Number of attributes: 15
Number of samples: 1000

OPTIMAL K VALUES:
- Best k for accuracy: 10 (accuracy: 0.4333)
- Best k for noise robustness: 11 (accuracy at noise 0.3: 0.4353)
- Best k for stability: 5 (std dev: 0.0270)

FULL RESULTS TABLE:
   k_value n_params train_time baseline_accuracy noise_0.05 noise_0.1 noise_0.2 noise_0.3 bootstrap_mean bootstrap_std
1        1       16    0.01406              0.43       0.43      0.43      0.43      0.43        0.43725      0.033597
2        2      121   0.015036              0.43       0.43      0.43      0.43      0.43       0.432833      0.033733
3        3      576   0.016326              0.43       0.43      0.43      0.43      0.43       0.424417      0.033396
4        4     1941   0.026242              0.43       0.43      0.43      0.43      0.43          0.425      0.037905
5        5     4944     0.0537              0.43       0.43      0.43      0.43  0.429333       0.429417      0.027034
6        6     9949   0.121982              0.43       0.43      0.43      0.43  0.430667         0.4365      0.033825
7        7    16384   0.148098              0.43       0.43      0.43      0.43  0.430667       0.425417      0.029957
8        8    22819   0.202224              0.43       0.43      0.43      0.43  0.430667       0.427917      0.033315
9        9    27824   0.241803              0.43       0.43      0.43      0.43  0.429333       0.431167      0.034913
10      10    30827   0.283827          0.433333   0.433333  0.433333  0.433333     0.434       0.430333      0.035099
11      11    32192   0.281553          0.433333   0.433333  0.433333     0.434  0.435333       0.431333      0.029454
12      12    32647    0.28992          0.433333   0.433333  0.433333  0.433333     0.434         0.4265      0.027948
13      13    32752   0.307673          0.433333   0.433333  0.433333  0.433333  0.434667       0.425667      0.031073
14      14    32767   0.294732          0.433333   0.433333  0.433333  0.433333     0.434         0.4395      0.030061
15      15    32768   0.288505          0.433333   0.433333  0.433333  0.433333  0.432667          0.439      0.031122