K-ADDITIVITY ANALYSIS SUMMARY FOR pairwise_interaction_power2 (game)
============================================================

Dataset: pairwise_interaction_power2
Representation: game
Number of attributes: 15
Number of samples: 1000

OPTIMAL K VALUES:
- Best k for accuracy: 2 (accuracy: 0.4967)
- Best k for noise robustness: 15 (accuracy at noise 0.3: 0.4947)
- Best k for stability: 14 (std dev: 0.0272)

FULL RESULTS TABLE:
   k_value n_params train_time baseline_accuracy noise_0.05 noise_0.1 noise_0.2 noise_0.3 bootstrap_mean bootstrap_std
1        1       16   0.018813          0.473333   0.470667     0.468  0.463333  0.469333       0.472667      0.032266
2        2      121   0.370551          0.496667   0.491333      0.49     0.494      0.49       0.490333      0.031096
3        3      576   1.624159              0.43   0.443333  0.445333  0.434667     0.452       0.426667      0.031013
4        4     1941   5.139716          0.436667      0.458     0.472  0.460667  0.453333          0.438      0.033579
5        5     4944  13.529227          0.466667      0.462  0.458667  0.470667  0.481333       0.467333      0.040254
6        6     9949  27.742328          0.473333   0.471333     0.472     0.468     0.472        0.48225      0.030194
7        7    16384  45.678915          0.473333      0.472  0.468667  0.469333  0.467333       0.463833       0.03369
8        8    22819  62.355573              0.47   0.463333  0.470667  0.459333  0.450667       0.476417      0.029833
9        9    27824  75.829107          0.466667   0.466667     0.462  0.463333  0.475333        0.46275      0.033076
10      10    30827  84.330008          0.473333      0.476  0.454667  0.457333  0.464667        0.47025      0.031013
11      11    32192  87.685449              0.47   0.458667  0.459333      0.47  0.454667       0.469667      0.033603
12      12    32647  89.001894          0.473333   0.462667  0.459333     0.462  0.458667       0.474333      0.030189
13      13    32752  90.321606              0.47   0.461333      0.45  0.466667  0.465333       0.468583      0.030824
14      14    32767  90.479669              0.47   0.476667     0.466  0.468667  0.481333       0.475667      0.027187
15      15    32768  90.475333              0.47      0.478     0.478  0.485333  0.494667       0.469917       0.03766