K-ADDITIVITY ANALYSIS SUMMARY FOR triplet_interaction (mobius)
============================================================

Dataset: triplet_interaction
Representation: mobius
Number of attributes: 15
Number of samples: 1000

OPTIMAL K VALUES:
- Best k for accuracy: 5 (accuracy: 0.5567)
- Best k for noise robustness: 5 (accuracy at noise 0.3: 0.5527)
FULL RESULTS TABLE:
   k_value n_params train_time baseline_accuracy noise_0.05 noise_0.1 noise_0.2 noise_0.3
1        1       16   0.001003              0.52       0.52  0.522667  0.522667      0.52
2        2      121   0.002999          0.533333   0.533333  0.530667     0.554     0.534
3        3      576   0.019109          0.516667   0.508667     0.506  0.502667  0.523333
4        4     1941   0.061612          0.543333   0.531333      0.53  0.550667  0.527333
5        5     4944   0.152296          0.556667   0.545333  0.540667     0.542  0.552667
6        6     9949   0.439704              0.53      0.538  0.544667     0.536  0.530667
7        7    16384   0.857216          0.526667   0.534667  0.538667  0.527333  0.524667
8        8    22819   1.159031              0.53      0.532  0.527333  0.529333     0.518
9        9    27824   1.465338          0.526667   0.523333  0.520667  0.528667  0.517333
10      10    30827   1.693704          0.513333   0.538667  0.514667  0.524667  0.527333
11      11    32192   1.937809          0.516667   0.522667     0.514  0.534667  0.526667
12      12    32647   1.807524          0.516667      0.526  0.526667  0.538667  0.535333
13      13    32752   1.811408              0.52   0.519333     0.526  0.507333  0.519333
14      14    32767   1.852358              0.52   0.524667     0.524  0.533333  0.516667
15      15    32768   1.780314          0.516667   0.519333      0.52     0.532     0.528