K-ADDITIVITY ANALYSIS SUMMARY FOR pairwise_interaction_clipped (game)
============================================================

Dataset: pairwise_interaction_clipped
Representation: game
Number of attributes: 15
Number of samples: 1000

OPTIMAL K VALUES:
- Best k for accuracy: 2 (accuracy: 0.4400)
- Best k for noise robustness: 14 (accuracy at noise 0.3: 0.4513)
- Best k for stability: 8 (std dev: 0.0260)

FULL RESULTS TABLE:
   k_value n_params train_time baseline_accuracy noise_0.05 noise_0.1 noise_0.2 noise_0.3 bootstrap_mean bootstrap_std
1        1       16   0.013999          0.433333   0.434667  0.434667  0.436667     0.438       0.433333      0.029545
2        2      121   0.093954              0.44   0.438667      0.44  0.438667  0.437333        0.43375      0.030245
3        3      576   0.018095              0.44   0.441333  0.440667  0.438667  0.446667       0.438083      0.030743
4        4     1941    0.03088              0.44      0.436  0.441333     0.434  0.438667       0.438833      0.036137
5        5     4944   0.053055          0.433333   0.435333  0.437333     0.444  0.442667       0.436417      0.032014
6        6     9949   0.091554              0.43   0.434667     0.432     0.436  0.436667       0.433583      0.030224
7        7    16384   0.145995          0.433333   0.434667     0.438  0.438667  0.443333          0.433      0.030044
8        8    22819   0.196892          0.433333      0.436  0.437333     0.442     0.438        0.42925      0.026041
9        9    27824   0.234225          0.433333      0.436     0.436  0.436667  0.441333       0.440833      0.028075
10      10    30827   0.260567          0.433333      0.436  0.438667  0.440667  0.442667        0.42525      0.031638
11      11    32192   0.309309          0.433333   0.436667     0.438  0.437333  0.441333         0.4315      0.034371
12      12    32647   0.328471          0.433333   0.434667     0.436  0.435333  0.434667       0.436833       0.02734
13      13    32752   0.282606          0.433333      0.434  0.439333  0.437333     0.448       0.439167      0.030322
14      14    32767   0.297579          0.433333      0.438  0.437333  0.435333  0.451333        0.43575       0.03283
15      15    32768   0.289258          0.433333      0.436  0.435333  0.439333  0.437333       0.433167      0.036666