K-ADDITIVITY ANALYSIS SUMMARY FOR pure_pairwise_interaction (mobius)
============================================================

Dataset: pure_pairwise_interaction
Representation: mobius
Number of attributes: 15
Number of samples: 1000

OPTIMAL K VALUES:
- Best k for accuracy: 3 (accuracy: 0.7967)
- Best k for noise robustness: 2 (accuracy at noise 0.3: 0.7493)
FULL RESULTS TABLE:
   k_value n_params train_time baseline_accuracy noise_0.05 noise_0.1 noise_0.2 noise_0.3
1        1       16   0.002139          0.493333   0.493333  0.492667      0.49  0.483333
2        2      121   0.349385              0.77      0.768  0.771333  0.760667  0.749333
3        3      576   1.707574          0.796667   0.795333  0.794667      0.77     0.742
4        4     1941   5.108737              0.76   0.756667  0.764667  0.741333  0.728667
5        5     4944   13.31764          0.753333   0.747333     0.744     0.728  0.726667
6        6     9949  27.621031          0.716667   0.731333  0.719333  0.707333  0.678667
7        7    16384  45.344297              0.71      0.712  0.704667  0.695333  0.666667
8        8    22819  64.329958          0.696667      0.694  0.702667     0.694  0.686667
9        9    27824  77.711264          0.693333   0.688667      0.69  0.679333  0.693333
10      10    30827   85.60258          0.693333      0.686  0.683333     0.686  0.693333
11      11    32192  89.599338          0.693333   0.694667  0.682667  0.690667  0.679333
12      12    32647  91.269875          0.693333       0.69  0.688667     0.682  0.663333
13      13    32752  91.130368          0.693333   0.688667     0.684  0.696667     0.658
14      14    32767  90.495834          0.693333   0.687333  0.687333  0.673333      0.66
15      15    32768  90.923574          0.693333   0.686667  0.680667  0.687333  0.663333